0.000000e+000	1.000000e+000	0.000000e+000
0.000000e+000	2.000000e+000	0.000000e+000
0.000000e+000	3.000000e+000	0.000000e+000
0.000000e+000	4.000000e+000	0.000000e+000
0.000000e+000	5.000000e+000	0.000000e+000
0.000000e+000	6.000000e+000	0.000000e+000
0.000000e+000	7.000000e+000	0.000000e+000
0.000000e+000	8.000000e+000	0.000000e+000
0.000000e+000	9.000000e+000	0.000000e+000
0.000000e+000	1.000000e+001	0.000000e+000
1.000000e+004	1.000000e+000	-1.128473e-001
1.000000e+004	2.000000e+000	2.496392e-001
1.000000e+004	3.000000e+000	4.486170e-001
1.000000e+004	4.000000e+000	5.734827e-001
1.000000e+004	5.000000e+000	6.582456e-001
1.000000e+004	6.000000e+000	7.191635e-001
1.000000e+004	7.000000e+000	7.647546e-001
1.000000e+004	8.000000e+000	8.001368e-001
1.000000e+004	9.000000e+000	8.283111e-001
1.000000e+004	1.000000e+001	8.512388e-001
2.000000e+004	1.000000e+000	3.581679e-001
2.000000e+004	2.000000e+000	7.206872e-001
2.000000e+004	3.000000e+000	9.197044e-001
2.000000e+004	4.000000e+000	1.044533e+000
2.000000e+004	5.000000e+000	1.129331e+000
2.000000e+004	6.000000e+000	1.190216e+000
2.000000e+004	7.000000e+000	1.235836e+000
2.000000e+004	8.000000e+000	1.271191e+000
2.000000e+004	9.000000e+000	1.299376e+000
2.000000e+004	1.000000e+001	1.322315e+000
3.000000e+004	1.000000e+000	8.292336e-001
3.000000e+004	2.000000e+000	1.191733e+000
3.000000e+004	3.000000e+000	1.390748e+000
3.000000e+004	4.000000e+000	1.515589e+000
3.000000e+004	5.000000e+000	1.600383e+000
3.000000e+004	6.000000e+000	1.661267e+000
3.000000e+004	7.000000e+000	1.706898e+000
3.000000e+004	8.000000e+000	1.742261e+000
3.000000e+004	9.000000e+000	1.770417e+000
3.000000e+004	1.000000e+001	1.793362e+000
4.000000e+004	1.000000e+000	1.300309e+000
4.000000e+004	2.000000e+000	1.662821e+000
4.000000e+004	3.000000e+000	1.861816e+000
4.000000e+004	4.000000e+000	1.986656e+000
4.000000e+004	5.000000e+000	2.071456e+000
4.000000e+004	6.000000e+000	2.132344e+000
4.000000e+004	7.000000e+000	2.177963e+000
4.000000e+004	8.000000e+000	2.213332e+000
4.000000e+004	9.000000e+000	2.241495e+000
4.000000e+004	1.000000e+001	2.264434e+000
5.000000e+004	1.000000e+000	1.771374e+000
5.000000e+004	2.000000e+000	2.133880e+000
5.000000e+004	3.000000e+000	2.332885e+000
5.000000e+004	4.000000e+000	2.457723e+000
5.000000e+004	5.000000e+000	2.542524e+000
5.000000e+004	6.000000e+000	2.603418e+000
5.000000e+004	7.000000e+000	2.649044e+000
5.000000e+004	8.000000e+000	2.684404e+000
5.000000e+004	9.000000e+000	2.712570e+000
5.000000e+004	1.000000e+001	2.735507e+000
6.000000e+004	1.000000e+000	2.242460e+000
6.000000e+004	2.000000e+000	2.604956e+000
6.000000e+004	3.000000e+000	2.803969e+000
6.000000e+004	4.000000e+000	2.928795e+000
6.000000e+004	5.000000e+000	3.013600e+000
6.000000e+004	6.000000e+000	3.074489e+000
6.000000e+004	7.000000e+000	3.120118e+000
6.000000e+004	8.000000e+000	3.155474e+000
6.000000e+004	9.000000e+000	3.183644e+000
6.000000e+004	1.000000e+001	3.206583e+000
7.000000e+004	1.000000e+000	2.713522e+000
7.000000e+004	2.000000e+000	3.076029e+000
7.000000e+004	3.000000e+000	3.275038e+000
7.000000e+004	4.000000e+000	3.399873e+000
7.000000e+004	5.000000e+000	3.484674e+000
7.000000e+004	6.000000e+000	3.545567e+000
7.000000e+004	7.000000e+000	3.591191e+000
7.000000e+004	8.000000e+000	3.626550e+000
7.000000e+004	9.000000e+000	3.654717e+000
7.000000e+004	1.000000e+001	3.677658e+000
8.000000e+004	1.000000e+000	3.184591e+000
8.000000e+004	2.000000e+000	3.547094e+000
8.000000e+004	3.000000e+000	3.746101e+000
8.000000e+004	4.000000e+000	3.870936e+000
8.000000e+004	5.000000e+000	3.955732e+000
8.000000e+004	6.000000e+000	4.016629e+000
8.000000e+004	7.000000e+000	4.062248e+000
8.000000e+004	8.000000e+000	4.097610e+000
8.000000e+004	9.000000e+000	4.125778e+000
8.000000e+004	1.000000e+001	4.148717e+000
9.000000e+004	1.000000e+000	3.655663e+000
9.000000e+004	2.000000e+000	4.018169e+000
9.000000e+004	3.000000e+000	4.217169e+000
9.000000e+004	4.000000e+000	4.342001e+000
9.000000e+004	5.000000e+000	4.426804e+000
9.000000e+004	6.000000e+000	4.487699e+000
9.000000e+004	7.000000e+000	4.533321e+000
9.000000e+004	8.000000e+000	4.568680e+000
9.000000e+004	9.000000e+000	4.596845e+000
9.000000e+004	1.000000e+001	4.619790e+000
1.000000e+005	1.000000e+000	4.126717e+000
1.000000e+005	2.000000e+000	4.489231e+000
1.000000e+005	3.000000e+000	4.688235e+000
1.000000e+005	4.000000e+000	4.813069e+000
1.000000e+005	5.000000e+000	4.897870e+000
1.000000e+005	6.000000e+000	4.958763e+000
1.000000e+005	7.000000e+000	5.004384e+000
1.000000e+005	8.000000e+000	5.039745e+000
1.000000e+005	9.000000e+000	5.067913e+000
1.000000e+005	1.000000e+001	5.090855e+000
1.100000e+005	1.000000e+000	4.597785e+000
1.100000e+005	2.000000e+000	4.960297e+000
1.100000e+005	3.000000e+000	5.159299e+000
1.100000e+005	4.000000e+000	5.284131e+000
1.100000e+005	5.000000e+000	5.368934e+000
1.100000e+005	6.000000e+000	5.429826e+000
1.100000e+005	7.000000e+000	5.475447e+000
1.100000e+005	8.000000e+000	5.510810e+000
1.100000e+005	9.000000e+000	5.538975e+000
1.100000e+005	1.000000e+001	5.561918e+000
1.200000e+005	1.000000e+000	5.068856e+000
1.200000e+005	2.000000e+000	5.431365e+000
1.200000e+005	3.000000e+000	5.630366e+000
1.200000e+005	4.000000e+000	5.755196e+000
1.200000e+005	5.000000e+000	5.839995e+000
1.200000e+005	6.000000e+000	5.900890e+000
1.200000e+005	7.000000e+000	5.946514e+000
1.200000e+005	8.000000e+000	5.981874e+000
1.200000e+005	9.000000e+000	6.010041e+000
1.200000e+005	1.000000e+001	6.032982e+000
1.300000e+005	1.000000e+000	5.539924e+000
1.300000e+005	2.000000e+000	5.902430e+000
1.300000e+005	3.000000e+000	6.101435e+000
1.300000e+005	4.000000e+000	6.226265e+000
1.300000e+005	5.000000e+000	6.311067e+000
1.300000e+005	6.000000e+000	6.371962e+000
1.300000e+005	7.000000e+000	6.417584e+000
1.300000e+005	8.000000e+000	6.452946e+000
1.300000e+005	9.000000e+000	6.481111e+000
1.300000e+005	1.000000e+001	6.504054e+000
1.400000e+005	1.000000e+000	6.010987e+000
1.400000e+005	2.000000e+000	6.373499e+000
1.400000e+005	3.000000e+000	6.572498e+000
1.400000e+005	4.000000e+000	6.697332e+000
1.400000e+005	5.000000e+000	6.782130e+000
1.400000e+005	6.000000e+000	6.843027e+000
1.400000e+005	7.000000e+000	6.888651e+000
1.400000e+005	8.000000e+000	6.924011e+000
1.400000e+005	9.000000e+000	6.952177e+000
1.400000e+005	1.000000e+001	6.975119e+000
1.500000e+005	1.000000e+000	6.482058e+000
1.500000e+005	2.000000e+000	6.844560e+000
1.500000e+005	3.000000e+000	7.043565e+000
1.500000e+005	4.000000e+000	7.168400e+000
1.500000e+005	5.000000e+000	7.253200e+000
1.500000e+005	6.000000e+000	7.314092e+000
1.500000e+005	7.000000e+000	7.359717e+000
1.500000e+005	8.000000e+000	7.395078e+000
1.500000e+005	9.000000e+000	7.423243e+000
1.500000e+005	1.000000e+001	7.446185e+000
1.600000e+005	1.000000e+000	6.953122e+000
1.600000e+005	2.000000e+000	7.315637e+000
1.600000e+005	3.000000e+000	7.514639e+000
1.600000e+005	4.000000e+000	7.639470e+000
1.600000e+005	5.000000e+000	7.724271e+000
1.600000e+005	6.000000e+000	7.785165e+000
1.600000e+005	7.000000e+000	7.830788e+000
1.600000e+005	8.000000e+000	7.866147e+000
1.600000e+005	9.000000e+000	7.894316e+000
1.600000e+005	1.000000e+001	7.917257e+000
1.700000e+005	1.000000e+000	7.424194e+000
1.700000e+005	2.000000e+000	7.786705e+000
1.700000e+005	3.000000e+000	7.985707e+000
1.700000e+005	4.000000e+000	8.110540e+000
1.700000e+005	5.000000e+000	8.195337e+000
1.700000e+005	6.000000e+000	8.256232e+000
1.700000e+005	7.000000e+000	8.301856e+000
1.700000e+005	8.000000e+000	8.337216e+000
1.700000e+005	9.000000e+000	8.365383e+000
1.700000e+005	1.000000e+001	8.388325e+000
1.800000e+005	1.000000e+000	7.895258e+000
1.800000e+005	2.000000e+000	8.257771e+000
1.800000e+005	3.000000e+000	8.456771e+000
1.800000e+005	4.000000e+000	8.581607e+000
1.800000e+005	5.000000e+000	8.666405e+000
1.800000e+005	6.000000e+000	8.727297e+000
1.800000e+005	7.000000e+000	8.772923e+000
1.800000e+005	8.000000e+000	8.808282e+000
1.800000e+005	9.000000e+000	8.836450e+000
1.800000e+005	1.000000e+001	8.859391e+000
1.900000e+005	1.000000e+000	8.366327e+000
1.900000e+005	2.000000e+000	8.728837e+000
1.900000e+005	3.000000e+000	8.927839e+000
1.900000e+005	4.000000e+000	9.052673e+000
1.900000e+005	5.000000e+000	9.137472e+000
1.900000e+005	6.000000e+000	9.198366e+000
1.900000e+005	7.000000e+000	9.243992e+000
1.900000e+005	8.000000e+000	9.279351e+000
1.900000e+005	9.000000e+000	9.307518e+000
1.900000e+005	1.000000e+001	9.330460e+000
2.000000e+005	1.000000e+000	8.837395e+000
2.000000e+005	2.000000e+000	9.199907e+000
2.000000e+005	3.000000e+000	9.398906e+000
2.000000e+005	4.000000e+000	9.523743e+000
2.000000e+005	5.000000e+000	9.608543e+000
2.000000e+005	6.000000e+000	9.669435e+000
2.000000e+005	7.000000e+000	9.715060e+000
2.000000e+005	8.000000e+000	9.750420e+000
2.000000e+005	9.000000e+000	9.778586e+000
2.000000e+005	1.000000e+001	9.801528e+000
2.100000e+005	1.000000e+000	9.308465e+000
2.100000e+005	2.000000e+000	9.670973e+000
2.100000e+005	3.000000e+000	9.869974e+000
2.100000e+005	4.000000e+000	9.994810e+000
2.100000e+005	5.000000e+000	1.007961e+001
2.100000e+005	6.000000e+000	1.014050e+001
2.100000e+005	7.000000e+000	1.018613e+001
2.100000e+005	8.000000e+000	1.022149e+001
2.100000e+005	9.000000e+000	1.024965e+001
2.100000e+005	1.000000e+001	1.027260e+001
2.200000e+005	1.000000e+000	9.779529e+000
2.200000e+005	2.000000e+000	1.014204e+001
2.200000e+005	3.000000e+000	1.034104e+001
2.200000e+005	4.000000e+000	1.046588e+001
2.200000e+005	5.000000e+000	1.055068e+001
2.200000e+005	6.000000e+000	1.061157e+001
2.200000e+005	7.000000e+000	1.065719e+001
2.200000e+005	8.000000e+000	1.069256e+001
2.200000e+005	9.000000e+000	1.072072e+001
2.200000e+005	1.000000e+001	1.074366e+001
2.300000e+005	1.000000e+000	1.025060e+001
2.300000e+005	2.000000e+000	1.061311e+001
2.300000e+005	3.000000e+000	1.081211e+001
2.300000e+005	4.000000e+000	1.093695e+001
2.300000e+005	5.000000e+000	1.102175e+001
2.300000e+005	6.000000e+000	1.108264e+001
2.300000e+005	7.000000e+000	1.112826e+001
2.300000e+005	8.000000e+000	1.116362e+001
2.300000e+005	9.000000e+000	1.119179e+001
2.300000e+005	1.000000e+001	1.121473e+001
2.400000e+005	1.000000e+000	1.072167e+001
2.400000e+005	2.000000e+000	1.108418e+001
2.400000e+005	3.000000e+000	1.128318e+001
2.400000e+005	4.000000e+000	1.140802e+001
2.400000e+005	5.000000e+000	1.149282e+001
2.400000e+005	6.000000e+000	1.155371e+001
2.400000e+005	7.000000e+000	1.159933e+001
2.400000e+005	8.000000e+000	1.163469e+001
2.400000e+005	9.000000e+000	1.166286e+001
2.400000e+005	1.000000e+001	1.168580e+001
2.500000e+005	1.000000e+000	1.119274e+001
2.500000e+005	2.000000e+000	1.155525e+001
2.500000e+005	3.000000e+000	1.175425e+001
2.500000e+005	4.000000e+000	1.187908e+001
2.500000e+005	5.000000e+000	1.196388e+001
2.500000e+005	6.000000e+000	1.202478e+001
2.500000e+005	7.000000e+000	1.207040e+001
2.500000e+005	8.000000e+000	1.210576e+001
2.500000e+005	9.000000e+000	1.213393e+001
2.500000e+005	1.000000e+001	1.215687e+001
2.600000e+005	1.000000e+000	1.166381e+001
2.600000e+005	2.000000e+000	1.202632e+001
2.600000e+005	3.000000e+000	1.222532e+001
2.600000e+005	4.000000e+000	1.235016e+001
2.600000e+005	5.000000e+000	1.243496e+001
2.600000e+005	6.000000e+000	1.249585e+001
2.600000e+005	7.000000e+000	1.254147e+001
2.600000e+005	8.000000e+000	1.257683e+001
2.600000e+005	9.000000e+000	1.260500e+001
2.600000e+005	1.000000e+001	1.262794e+001
2.700000e+005	1.000000e+000	1.213488e+001
2.700000e+005	2.000000e+000	1.249739e+001
2.700000e+005	3.000000e+000	1.269639e+001
2.700000e+005	4.000000e+000	1.282123e+001
2.700000e+005	5.000000e+000	1.290603e+001
2.700000e+005	6.000000e+000	1.296692e+001
2.700000e+005	7.000000e+000	1.301254e+001
2.700000e+005	8.000000e+000	1.304790e+001
2.700000e+005	9.000000e+000	1.307607e+001
2.700000e+005	1.000000e+001	1.309901e+001
2.800000e+005	1.000000e+000	1.260595e+001
2.800000e+005	2.000000e+000	1.296846e+001
2.800000e+005	3.000000e+000	1.316746e+001
2.800000e+005	4.000000e+000	1.329229e+001
2.800000e+005	5.000000e+000	1.337710e+001
2.800000e+005	6.000000e+000	1.343799e+001
2.800000e+005	7.000000e+000	1.348361e+001
2.800000e+005	8.000000e+000	1.351897e+001
2.800000e+005	9.000000e+000	1.354714e+001
2.800000e+005	1.000000e+001	1.357008e+001
2.900000e+005	1.000000e+000	1.307702e+001
2.900000e+005	2.000000e+000	1.343952e+001
2.900000e+005	3.000000e+000	1.363853e+001
2.900000e+005	4.000000e+000	1.376336e+001
2.900000e+005	5.000000e+000	1.384816e+001
2.900000e+005	6.000000e+000	1.390906e+001
2.900000e+005	7.000000e+000	1.395468e+001
2.900000e+005	8.000000e+000	1.399004e+001
2.900000e+005	9.000000e+000	1.401821e+001
2.900000e+005	1.000000e+001	1.404115e+001
3.000000e+005	1.000000e+000	1.354809e+001
3.000000e+005	2.000000e+000	1.391060e+001
3.000000e+005	3.000000e+000	1.410960e+001
3.000000e+005	4.000000e+000	1.423443e+001
3.000000e+005	5.000000e+000	1.431923e+001
3.000000e+005	6.000000e+000	1.438013e+001
3.000000e+005	7.000000e+000	1.442575e+001
3.000000e+005	8.000000e+000	1.446111e+001
3.000000e+005	9.000000e+000	1.448928e+001
3.000000e+005	1.000000e+001	1.451222e+001
3.100000e+005	1.000000e+000	1.401915e+001
3.100000e+005	2.000000e+000	1.438166e+001
3.100000e+005	3.000000e+000	1.458067e+001
3.100000e+005	4.000000e+000	1.470550e+001
3.100000e+005	5.000000e+000	1.479030e+001
3.100000e+005	6.000000e+000	1.485119e+001
3.100000e+005	7.000000e+000	1.489682e+001
3.100000e+005	8.000000e+000	1.493218e+001
3.100000e+005	9.000000e+000	1.496034e+001
3.100000e+005	1.000000e+001	1.498329e+001
3.200000e+005	1.000000e+000	1.449023e+001
3.200000e+005	2.000000e+000	1.485273e+001
3.200000e+005	3.000000e+000	1.505174e+001
3.200000e+005	4.000000e+000	1.517657e+001
3.200000e+005	5.000000e+000	1.526137e+001
3.200000e+005	6.000000e+000	1.532226e+001
3.200000e+005	7.000000e+000	1.536789e+001
3.200000e+005	8.000000e+000	1.540325e+001
3.200000e+005	9.000000e+000	1.543141e+001
3.200000e+005	1.000000e+001	1.545436e+001
3.300000e+005	1.000000e+000	1.496129e+001
3.300000e+005	2.000000e+000	1.532380e+001
3.300000e+005	3.000000e+000	1.552281e+001
3.300000e+005	4.000000e+000	1.564764e+001
3.300000e+005	5.000000e+000	1.573244e+001
3.300000e+005	6.000000e+000	1.579333e+001
3.300000e+005	7.000000e+000	1.583896e+001
3.300000e+005	8.000000e+000	1.587432e+001
3.300000e+005	9.000000e+000	1.590248e+001
3.300000e+005	1.000000e+001	1.592542e+001
3.400000e+005	1.000000e+000	1.543236e+001
3.400000e+005	2.000000e+000	1.579487e+001
3.400000e+005	3.000000e+000	1.599387e+001
3.400000e+005	4.000000e+000	1.611871e+001
3.400000e+005	5.000000e+000	1.620351e+001
3.400000e+005	6.000000e+000	1.626440e+001
3.400000e+005	7.000000e+000	1.631002e+001
3.400000e+005	8.000000e+000	1.634538e+001
3.400000e+005	9.000000e+000	1.637355e+001
3.400000e+005	1.000000e+001	1.639649e+001
3.500000e+005	1.000000e+000	1.590343e+001
3.500000e+005	2.000000e+000	1.626594e+001
3.500000e+005	3.000000e+000	1.646494e+001
3.500000e+005	4.000000e+000	1.658978e+001
3.500000e+005	5.000000e+000	1.667458e+001
3.500000e+005	6.000000e+000	1.673547e+001
3.500000e+005	7.000000e+000	1.678109e+001
3.500000e+005	8.000000e+000	1.681645e+001
3.500000e+005	9.000000e+000	1.684462e+001
3.500000e+005	1.000000e+001	1.686756e+001
3.600000e+005	1.000000e+000	1.637450e+001
3.600000e+005	2.000000e+000	1.673701e+001
3.600000e+005	3.000000e+000	1.693601e+001
3.600000e+005	4.000000e+000	1.706085e+001
3.600000e+005	5.000000e+000	1.714564e+001
3.600000e+005	6.000000e+000	1.720654e+001
3.600000e+005	7.000000e+000	1.725216e+001
3.600000e+005	8.000000e+000	1.728752e+001
3.600000e+005	9.000000e+000	1.731569e+001
3.600000e+005	1.000000e+001	1.733863e+001
3.700000e+005	1.000000e+000	1.684557e+001
3.700000e+005	2.000000e+000	1.720808e+001
3.700000e+005	3.000000e+000	1.740708e+001
3.700000e+005	4.000000e+000	1.753191e+001
3.700000e+005	5.000000e+000	1.761671e+001
3.700000e+005	6.000000e+000	1.767761e+001
3.700000e+005	7.000000e+000	1.772323e+001
3.700000e+005	8.000000e+000	1.775859e+001
3.700000e+005	9.000000e+000	1.778676e+001
3.700000e+005	1.000000e+001	1.780970e+001
3.800000e+005	1.000000e+000	1.731664e+001
3.800000e+005	2.000000e+000	1.767915e+001
3.800000e+005	3.000000e+000	1.787815e+001
3.800000e+005	4.000000e+000	1.800298e+001
3.800000e+005	5.000000e+000	1.808778e+001
3.800000e+005	6.000000e+000	1.814868e+001
3.800000e+005	7.000000e+000	1.819430e+001
3.800000e+005	8.000000e+000	1.822966e+001
3.800000e+005	9.000000e+000	1.825783e+001
3.800000e+005	1.000000e+001	1.828077e+001
3.900000e+005	1.000000e+000	1.778771e+001
3.900000e+005	2.000000e+000	1.815022e+001
3.900000e+005	3.000000e+000	1.834922e+001
3.900000e+005	4.000000e+000	1.847405e+001
3.900000e+005	5.000000e+000	1.855885e+001
3.900000e+005	6.000000e+000	1.861975e+001
3.900000e+005	7.000000e+000	1.866537e+001
3.900000e+005	8.000000e+000	1.870073e+001
3.900000e+005	9.000000e+000	1.872890e+001
3.900000e+005	1.000000e+001	1.875184e+001
4.000000e+005	1.000000e+000	1.825878e+001
4.000000e+005	2.000000e+000	1.862129e+001
4.000000e+005	3.000000e+000	1.882029e+001
4.000000e+005	4.000000e+000	1.894512e+001
4.000000e+005	5.000000e+000	1.902992e+001
4.000000e+005	6.000000e+000	1.909082e+001
4.000000e+005	7.000000e+000	1.913644e+001
4.000000e+005	8.000000e+000	1.917180e+001
4.000000e+005	9.000000e+000	1.919996e+001
4.000000e+005	1.000000e+001	1.922291e+001
4.100000e+005	1.000000e+000	1.872984e+001
4.100000e+005	2.000000e+000	1.909235e+001
4.100000e+005	3.000000e+000	1.929136e+001
4.100000e+005	4.000000e+000	1.941619e+001
4.100000e+005	5.000000e+000	1.950099e+001
4.100000e+005	6.000000e+000	1.956188e+001
4.100000e+005	7.000000e+000	1.960751e+001
4.100000e+005	8.000000e+000	1.964287e+001
4.100000e+005	9.000000e+000	1.967103e+001
4.100000e+005	1.000000e+001	1.969398e+001
4.200000e+005	1.000000e+000	1.920091e+001
4.200000e+005	2.000000e+000	1.956342e+001
4.200000e+005	3.000000e+000	1.976242e+001
4.200000e+005	4.000000e+000	1.988726e+001
4.200000e+005	5.000000e+000	1.997206e+001
4.200000e+005	6.000000e+000	2.003295e+001
4.200000e+005	7.000000e+000	2.007857e+001
4.200000e+005	8.000000e+000	2.011393e+001
4.200000e+005	9.000000e+000	2.014210e+001
4.200000e+005	1.000000e+001	2.016504e+001
4.300000e+005	1.000000e+000	1.967198e+001
4.300000e+005	2.000000e+000	2.003449e+001
4.300000e+005	3.000000e+000	2.023349e+001
4.300000e+005	4.000000e+000	2.035832e+001
4.300000e+005	5.000000e+000	2.044312e+001
4.300000e+005	6.000000e+000	2.050402e+001
4.300000e+005	7.000000e+000	2.054964e+001
4.300000e+005	8.000000e+000	2.058500e+001
4.300000e+005	9.000000e+000	2.061317e+001
4.300000e+005	1.000000e+001	2.063611e+001
4.400000e+005	1.000000e+000	2.014305e+001
4.400000e+005	2.000000e+000	2.050556e+001
4.400000e+005	3.000000e+000	2.070456e+001
4.400000e+005	4.000000e+000	2.082939e+001
4.400000e+005	5.000000e+000	2.091419e+001
4.400000e+005	6.000000e+000	2.097509e+001
4.400000e+005	7.000000e+000	2.102071e+001
4.400000e+005	8.000000e+000	2.105607e+001
4.400000e+005	9.000000e+000	2.108424e+001
4.400000e+005	1.000000e+001	2.110718e+001
4.500000e+005	1.000000e+000	2.061412e+001
4.500000e+005	2.000000e+000	2.097663e+001
4.500000e+005	3.000000e+000	2.117563e+001
4.500000e+005	4.000000e+000	2.130046e+001
4.500000e+005	5.000000e+000	2.138526e+001
4.500000e+005	6.000000e+000	2.144616e+001
4.500000e+005	7.000000e+000	2.149178e+001
4.500000e+005	8.000000e+000	2.152714e+001
4.500000e+005	9.000000e+000	2.155531e+001
4.500000e+005	1.000000e+001	2.157825e+001
4.600000e+005	1.000000e+000	2.108518e+001
4.600000e+005	2.000000e+000	2.144769e+001
4.600000e+005	3.000000e+000	2.164670e+001
4.600000e+005	4.000000e+000	2.177153e+001
4.600000e+005	5.000000e+000	2.185633e+001
4.600000e+005	6.000000e+000	2.191722e+001
4.600000e+005	7.000000e+000	2.196285e+001
4.600000e+005	8.000000e+000	2.199821e+001
4.600000e+005	9.000000e+000	2.202637e+001
4.600000e+005	1.000000e+001	2.204931e+001
4.700000e+005	1.000000e+000	2.155625e+001
4.700000e+005	2.000000e+000	2.191876e+001
4.700000e+005	3.000000e+000	2.211777e+001
4.700000e+005	4.000000e+000	2.224260e+001
4.700000e+005	5.000000e+000	2.232740e+001
4.700000e+005	6.000000e+000	2.238829e+001
4.700000e+005	7.000000e+000	2.243392e+001
4.700000e+005	8.000000e+000	2.246928e+001
4.700000e+005	9.000000e+000	2.249744e+001
4.700000e+005	1.000000e+001	2.252038e+001
4.800000e+005	1.000000e+000	2.202732e+001
4.800000e+005	2.000000e+000	2.238983e+001
4.800000e+005	3.000000e+000	2.258883e+001
4.800000e+005	4.000000e+000	2.271367e+001
4.800000e+005	5.000000e+000	2.279847e+001
4.800000e+005	6.000000e+000	2.285936e+001
4.800000e+005	7.000000e+000	2.290498e+001
4.800000e+005	8.000000e+000	2.294034e+001
4.800000e+005	9.000000e+000	2.296851e+001
4.800000e+005	1.000000e+001	2.299145e+001
4.900000e+005	1.000000e+000	2.249839e+001
4.900000e+005	2.000000e+000	2.286090e+001
4.900000e+005	3.000000e+000	2.305990e+001
4.900000e+005	4.000000e+000	2.318474e+001
4.900000e+005	5.000000e+000	2.326953e+001
4.900000e+005	6.000000e+000	2.333043e+001
4.900000e+005	7.000000e+000	2.337605e+001
4.900000e+005	8.000000e+000	2.341141e+001
4.900000e+005	9.000000e+000	2.343958e+001
4.900000e+005	1.000000e+001	2.346252e+001
5.000000e+005	1.000000e+000	2.296946e+001
5.000000e+005	2.000000e+000	2.333197e+001
5.000000e+005	3.000000e+000	2.353097e+001
5.000000e+005	4.000000e+000	2.365580e+001
5.000000e+005	5.000000e+000	2.374060e+001
5.000000e+005	6.000000e+000	2.380150e+001
5.000000e+005	7.000000e+000	2.384712e+001
5.000000e+005	8.000000e+000	2.388248e+001
5.000000e+005	9.000000e+000	2.391065e+001
5.000000e+005	1.000000e+001	2.393359e+001
5.100000e+005	1.000000e+000	2.344053e+001
5.100000e+005	2.000000e+000	2.380304e+001
5.100000e+005	3.000000e+000	2.400204e+001
5.100000e+005	4.000000e+000	2.412687e+001
5.100000e+005	5.000000e+000	2.421167e+001
5.100000e+005	6.000000e+000	2.427257e+001
5.100000e+005	7.000000e+000	2.431819e+001
5.100000e+005	8.000000e+000	2.435355e+001
5.100000e+005	9.000000e+000	2.438172e+001
5.100000e+005	1.000000e+001	2.440466e+001
5.200000e+005	1.000000e+000	2.391160e+001
5.200000e+005	2.000000e+000	2.427410e+001
5.200000e+005	3.000000e+000	2.447311e+001
5.200000e+005	4.000000e+000	2.459794e+001
5.200000e+005	5.000000e+000	2.468274e+001
5.200000e+005	6.000000e+000	2.474363e+001
5.200000e+005	7.000000e+000	2.478926e+001
5.200000e+005	8.000000e+000	2.482462e+001
5.200000e+005	9.000000e+000	2.485278e+001
5.200000e+005	1.000000e+001	2.487573e+001
5.300000e+005	1.000000e+000	2.438266e+001
5.300000e+005	2.000000e+000	2.474517e+001
5.300000e+005	3.000000e+000	2.494418e+001
5.300000e+005	4.000000e+000	2.506901e+001
5.300000e+005	5.000000e+000	2.515381e+001
5.300000e+005	6.000000e+000	2.521470e+001
5.300000e+005	7.000000e+000	2.526033e+001
5.300000e+005	8.000000e+000	2.529569e+001
5.300000e+005	9.000000e+000	2.532385e+001
5.300000e+005	1.000000e+001	2.534679e+001
5.400000e+005	1.000000e+000	2.485373e+001
5.400000e+005	2.000000e+000	2.521624e+001
5.400000e+005	3.000000e+000	2.541524e+001
5.400000e+005	4.000000e+000	2.554008e+001
5.400000e+005	5.000000e+000	2.562488e+001
5.400000e+005	6.000000e+000	2.568577e+001
5.400000e+005	7.000000e+000	2.573139e+001
5.400000e+005	8.000000e+000	2.576675e+001
5.400000e+005	9.000000e+000	2.579492e+001
5.400000e+005	1.000000e+001	2.581786e+001
5.500000e+005	1.000000e+000	2.532480e+001
5.500000e+005	2.000000e+000	2.568731e+001
5.500000e+005	3.000000e+000	2.588631e+001
5.500000e+005	4.000000e+000	2.601115e+001
5.500000e+005	5.000000e+000	2.609595e+001
5.500000e+005	6.000000e+000	2.615684e+001
5.500000e+005	7.000000e+000	2.620246e+001
5.500000e+005	8.000000e+000	2.623782e+001
5.500000e+005	9.000000e+000	2.626599e+001
5.500000e+005	1.000000e+001	2.628893e+001
5.600000e+005	1.000000e+000	2.579587e+001
5.600000e+005	2.000000e+000	2.615838e+001
5.600000e+005	3.000000e+000	2.635738e+001
5.600000e+005	4.000000e+000	2.648222e+001
5.600000e+005	5.000000e+000	2.656701e+001
5.600000e+005	6.000000e+000	2.662791e+001
5.600000e+005	7.000000e+000	2.667353e+001
5.600000e+005	8.000000e+000	2.670889e+001
5.600000e+005	9.000000e+000	2.673706e+001
5.600000e+005	1.000000e+001	2.676000e+001
5.700000e+005	1.000000e+000	2.626694e+001
5.700000e+005	2.000000e+000	2.662945e+001
5.700000e+005	3.000000e+000	2.682845e+001
5.700000e+005	4.000000e+000	2.695329e+001
5.700000e+005	5.000000e+000	2.703808e+001
5.700000e+005	6.000000e+000	2.709898e+001
5.700000e+005	7.000000e+000	2.714460e+001
5.700000e+005	8.000000e+000	2.717996e+001
5.700000e+005	9.000000e+000	2.720813e+001
5.700000e+005	1.000000e+001	2.723107e+001
5.800000e+005	1.000000e+000	2.673801e+001
5.800000e+005	2.000000e+000	2.710052e+001
5.800000e+005	3.000000e+000	2.729952e+001
5.800000e+005	4.000000e+000	2.742435e+001
5.800000e+005	5.000000e+000	2.750915e+001
5.800000e+005	6.000000e+000	2.757005e+001
5.800000e+005	7.000000e+000	2.761567e+001
5.800000e+005	8.000000e+000	2.765103e+001
5.800000e+005	9.000000e+000	2.767920e+001
5.800000e+005	1.000000e+001	2.770214e+001
5.900000e+005	1.000000e+000	2.720908e+001
5.900000e+005	2.000000e+000	2.757159e+001
5.900000e+005	3.000000e+000	2.777059e+001
5.900000e+005	4.000000e+000	2.789542e+001
5.900000e+005	5.000000e+000	2.798022e+001
5.900000e+005	6.000000e+000	2.804112e+001
5.900000e+005	7.000000e+000	2.808674e+001
5.900000e+005	8.000000e+000	2.812210e+001
5.900000e+005	9.000000e+000	2.815027e+001
5.900000e+005	1.000000e+001	2.817321e+001
6.000000e+005	1.000000e+000	2.768015e+001
6.000000e+005	2.000000e+000	2.804265e+001
6.000000e+005	3.000000e+000	2.824166e+001
6.000000e+005	4.000000e+000	2.836649e+001
6.000000e+005	5.000000e+000	2.845129e+001
6.000000e+005	6.000000e+000	2.851218e+001
6.000000e+005	7.000000e+000	2.855781e+001
6.000000e+005	8.000000e+000	2.859317e+001
6.000000e+005	9.000000e+000	2.862133e+001
6.000000e+005	1.000000e+001	2.864428e+001
6.100000e+005	1.000000e+000	2.815121e+001
6.100000e+005	2.000000e+000	2.851372e+001
6.100000e+005	3.000000e+000	2.871273e+001
6.100000e+005	4.000000e+000	2.883756e+001
6.100000e+005	5.000000e+000	2.892236e+001
6.100000e+005	6.000000e+000	2.898325e+001
6.100000e+005	7.000000e+000	2.902888e+001
6.100000e+005	8.000000e+000	2.906424e+001
6.100000e+005	9.000000e+000	2.909240e+001
6.100000e+005	1.000000e+001	2.911535e+001
6.200000e+005	1.000000e+000	2.862228e+001
6.200000e+005	2.000000e+000	2.898479e+001
6.200000e+005	3.000000e+000	2.918379e+001
6.200000e+005	4.000000e+000	2.930863e+001
6.200000e+005	5.000000e+000	2.939343e+001
6.200000e+005	6.000000e+000	2.945432e+001
6.200000e+005	7.000000e+000	2.949995e+001
6.200000e+005	8.000000e+000	2.953531e+001
6.200000e+005	9.000000e+000	2.956347e+001
6.200000e+005	1.000000e+001	2.958641e+001
6.300000e+005	1.000000e+000	2.909335e+001
6.300000e+005	2.000000e+000	2.945586e+001
6.300000e+005	3.000000e+000	2.965486e+001
6.300000e+005	4.000000e+000	2.977970e+001
6.300000e+005	5.000000e+000	2.986450e+001
6.300000e+005	6.000000e+000	2.992539e+001
6.300000e+005	7.000000e+000	2.997101e+001
6.300000e+005	8.000000e+000	3.000637e+001
6.300000e+005	9.000000e+000	3.003454e+001
6.300000e+005	1.000000e+001	3.005748e+001
6.400000e+005	1.000000e+000	2.956442e+001
6.400000e+005	2.000000e+000	2.992693e+001
6.400000e+005	3.000000e+000	3.012593e+001
6.400000e+005	4.000000e+000	3.025077e+001
6.400000e+005	5.000000e+000	3.033557e+001
6.400000e+005	6.000000e+000	3.039646e+001
6.400000e+005	7.000000e+000	3.044208e+001
6.400000e+005	8.000000e+000	3.047744e+001
6.400000e+005	9.000000e+000	3.050561e+001
6.400000e+005	1.000000e+001	3.052855e+001
6.500000e+005	1.000000e+000	3.003549e+001
6.500000e+005	2.000000e+000	3.039800e+001
6.500000e+005	3.000000e+000	3.059700e+001
6.500000e+005	4.000000e+000	3.072184e+001
6.500000e+005	5.000000e+000	3.080663e+001
6.500000e+005	6.000000e+000	3.086753e+001
6.500000e+005	7.000000e+000	3.091315e+001
6.500000e+005	8.000000e+000	3.094851e+001
6.500000e+005	9.000000e+000	3.097668e+001
6.500000e+005	1.000000e+001	3.099962e+001
6.600000e+005	1.000000e+000	3.050656e+001
6.600000e+005	2.000000e+000	3.086907e+001
6.600000e+005	3.000000e+000	3.106807e+001
6.600000e+005	4.000000e+000	3.119290e+001
6.600000e+005	5.000000e+000	3.127770e+001
6.600000e+005	6.000000e+000	3.133860e+001
6.600000e+005	7.000000e+000	3.138422e+001
6.600000e+005	8.000000e+000	3.141958e+001
6.600000e+005	9.000000e+000	3.144775e+001
6.600000e+005	1.000000e+001	3.147069e+001
6.700000e+005	1.000000e+000	3.097763e+001
6.700000e+005	2.000000e+000	3.134014e+001
6.700000e+005	3.000000e+000	3.153914e+001
6.700000e+005	4.000000e+000	3.166397e+001
6.700000e+005	5.000000e+000	3.174877e+001
6.700000e+005	6.000000e+000	3.180967e+001
6.700000e+005	7.000000e+000	3.185529e+001
6.700000e+005	8.000000e+000	3.189065e+001
6.700000e+005	9.000000e+000	3.191882e+001
6.700000e+005	1.000000e+001	3.194176e+001
6.800000e+005	1.000000e+000	3.144870e+001
6.800000e+005	2.000000e+000	3.181121e+001
6.800000e+005	3.000000e+000	3.201021e+001
6.800000e+005	4.000000e+000	3.213504e+001
6.800000e+005	5.000000e+000	3.221984e+001
6.800000e+005	6.000000e+000	3.228074e+001
6.800000e+005	7.000000e+000	3.232636e+001
6.800000e+005	8.000000e+000	3.236172e+001
6.800000e+005	9.000000e+000	3.238989e+001
6.800000e+005	1.000000e+001	3.241283e+001
6.900000e+005	1.000000e+000	3.191976e+001
6.900000e+005	2.000000e+000	3.228227e+001
6.900000e+005	3.000000e+000	3.248128e+001
6.900000e+005	4.000000e+000	3.260611e+001
6.900000e+005	5.000000e+000	3.269091e+001
6.900000e+005	6.000000e+000	3.275180e+001
6.900000e+005	7.000000e+000	3.279743e+001
6.900000e+005	8.000000e+000	3.283279e+001
6.900000e+005	9.000000e+000	3.286095e+001
6.900000e+005	1.000000e+001	3.288390e+001
7.000000e+005	1.000000e+000	3.239083e+001
7.000000e+005	2.000000e+000	3.275334e+001
7.000000e+005	3.000000e+000	3.295235e+001
7.000000e+005	4.000000e+000	3.307718e+001
7.000000e+005	5.000000e+000	3.316198e+001
7.000000e+005	6.000000e+000	3.322287e+001
7.000000e+005	7.000000e+000	3.326850e+001
7.000000e+005	8.000000e+000	3.330386e+001
7.000000e+005	9.000000e+000	3.333202e+001
7.000000e+005	1.000000e+001	3.335496e+001
7.100000e+005	1.000000e+000	3.286190e+001
7.100000e+005	2.000000e+000	3.322441e+001
7.100000e+005	3.000000e+000	3.342341e+001
7.100000e+005	4.000000e+000	3.354825e+001
7.100000e+005	5.000000e+000	3.363305e+001
7.100000e+005	6.000000e+000	3.369394e+001
7.100000e+005	7.000000e+000	3.373957e+001
7.100000e+005	8.000000e+000	3.377492e+001
7.100000e+005	9.000000e+000	3.380309e+001
7.100000e+005	1.000000e+001	3.382603e+001
7.200000e+005	1.000000e+000	3.333297e+001
7.200000e+005	2.000000e+000	3.369548e+001
7.200000e+005	3.000000e+000	3.389448e+001
7.200000e+005	4.000000e+000	3.401932e+001
7.200000e+005	5.000000e+000	3.410412e+001
7.200000e+005	6.000000e+000	3.416501e+001
7.200000e+005	7.000000e+000	3.421063e+001
7.200000e+005	8.000000e+000	3.424599e+001
7.200000e+005	9.000000e+000	3.427416e+001
7.200000e+005	1.000000e+001	3.429710e+001
7.300000e+005	1.000000e+000	3.380404e+001
7.300000e+005	2.000000e+000	3.416655e+001
7.300000e+005	3.000000e+000	3.436555e+001
7.300000e+005	4.000000e+000	3.449038e+001
7.300000e+005	5.000000e+000	3.457518e+001
7.300000e+005	6.000000e+000	3.463608e+001
7.300000e+005	7.000000e+000	3.468170e+001
7.300000e+005	8.000000e+000	3.471706e+001
7.300000e+005	9.000000e+000	3.474523e+001
7.300000e+005	1.000000e+001	3.476817e+001
7.400000e+005	1.000000e+000	3.427511e+001
7.400000e+005	2.000000e+000	3.463762e+001
7.400000e+005	3.000000e+000	3.483662e+001
7.400000e+005	4.000000e+000	3.496145e+001
7.400000e+005	5.000000e+000	3.504625e+001
7.400000e+005	6.000000e+000	3.510715e+001
7.400000e+005	7.000000e+000	3.515277e+001
7.400000e+005	8.000000e+000	3.518813e+001
7.400000e+005	9.000000e+000	3.521630e+001
7.400000e+005	1.000000e+001	3.523924e+001
7.500000e+005	1.000000e+000	3.474618e+001
7.500000e+005	2.000000e+000	3.510869e+001
7.500000e+005	3.000000e+000	3.530769e+001
7.500000e+005	4.000000e+000	3.543252e+001
7.500000e+005	5.000000e+000	3.551732e+001
7.500000e+005	6.000000e+000	3.557822e+001
7.500000e+005	7.000000e+000	3.562384e+001
7.500000e+005	8.000000e+000	3.565920e+001
7.500000e+005	9.000000e+000	3.568737e+001
7.500000e+005	1.000000e+001	3.571031e+001
7.600000e+005	1.000000e+000	3.521724e+001
7.600000e+005	2.000000e+000	3.557975e+001
7.600000e+005	3.000000e+000	3.577876e+001
7.600000e+005	4.000000e+000	3.590359e+001
7.600000e+005	5.000000e+000	3.598839e+001
7.600000e+005	6.000000e+000	3.604928e+001
7.600000e+005	7.000000e+000	3.609491e+001
7.600000e+005	8.000000e+000	3.613027e+001
7.600000e+005	9.000000e+000	3.615843e+001
7.600000e+005	1.000000e+001	3.618138e+001
7.700000e+005	1.000000e+000	3.568831e+001
7.700000e+005	2.000000e+000	3.605082e+001
7.700000e+005	3.000000e+000	3.624982e+001
7.700000e+005	4.000000e+000	3.637466e+001
7.700000e+005	5.000000e+000	3.645946e+001
7.700000e+005	6.000000e+000	3.652035e+001
7.700000e+005	7.000000e+000	3.656598e+001
7.700000e+005	8.000000e+000	3.660134e+001
7.700000e+005	9.000000e+000	3.662950e+001
7.700000e+005	1.000000e+001	3.665244e+001
7.800000e+005	1.000000e+000	3.615938e+001
7.800000e+005	2.000000e+000	3.652189e+001
7.800000e+005	3.000000e+000	3.672089e+001
7.800000e+005	4.000000e+000	3.684573e+001
7.800000e+005	5.000000e+000	3.693053e+001
7.800000e+005	6.000000e+000	3.699142e+001
7.800000e+005	7.000000e+000	3.703704e+001
7.800000e+005	8.000000e+000	3.707240e+001
7.800000e+005	9.000000e+000	3.710057e+001
7.800000e+005	1.000000e+001	3.712351e+001
7.900000e+005	1.000000e+000	3.663045e+001
7.900000e+005	2.000000e+000	3.699296e+001
7.900000e+005	3.000000e+000	3.719196e+001
7.900000e+005	4.000000e+000	3.731680e+001
7.900000e+005	5.000000e+000	3.740159e+001
7.900000e+005	6.000000e+000	3.746249e+001
7.900000e+005	7.000000e+000	3.750811e+001
7.900000e+005	8.000000e+000	3.754347e+001
7.900000e+005	9.000000e+000	3.757164e+001
7.900000e+005	1.000000e+001	3.759458e+001
8.000000e+005	1.000000e+000	3.710152e+001
8.000000e+005	2.000000e+000	3.746403e+001
8.000000e+005	3.000000e+000	3.766303e+001
8.000000e+005	4.000000e+000	3.778786e+001
8.000000e+005	5.000000e+000	3.787266e+001
8.000000e+005	6.000000e+000	3.793356e+001
8.000000e+005	7.000000e+000	3.797918e+001
8.000000e+005	8.000000e+000	3.801454e+001
8.000000e+005	9.000000e+000	3.804271e+001
8.000000e+005	1.000000e+001	3.806565e+001
8.100000e+005	1.000000e+000	3.757259e+001
8.100000e+005	2.000000e+000	3.793510e+001
8.100000e+005	3.000000e+000	3.813410e+001
8.100000e+005	4.000000e+000	3.825893e+001
8.100000e+005	5.000000e+000	3.834373e+001
8.100000e+005	6.000000e+000	3.840463e+001
8.100000e+005	7.000000e+000	3.845025e+001
8.100000e+005	8.000000e+000	3.848561e+001
8.100000e+005	9.000000e+000	3.851378e+001
8.100000e+005	1.000000e+001	3.853672e+001
8.200000e+005	1.000000e+000	3.804365e+001
8.200000e+005	2.000000e+000	3.840617e+001
8.200000e+005	3.000000e+000	3.860517e+001
8.200000e+005	4.000000e+000	3.873000e+001
8.200000e+005	5.000000e+000	3.881480e+001
8.200000e+005	6.000000e+000	3.887569e+001
8.200000e+005	7.000000e+000	3.892132e+001
8.200000e+005	8.000000e+000	3.895668e+001
8.200000e+005	9.000000e+000	3.898484e+001
8.200000e+005	1.000000e+001	3.900779e+001
8.300000e+005	1.000000e+000	3.851472e+001
8.300000e+005	2.000000e+000	3.887723e+001
8.300000e+005	3.000000e+000	3.907623e+001
8.300000e+005	4.000000e+000	3.920107e+001
8.300000e+005	5.000000e+000	3.928587e+001
8.300000e+005	6.000000e+000	3.934676e+001
8.300000e+005	7.000000e+000	3.939239e+001
8.300000e+005	8.000000e+000	3.942775e+001
8.300000e+005	9.000000e+000	3.945591e+001
8.300000e+005	1.000000e+001	3.947885e+001
8.400000e+005	1.000000e+000	3.898579e+001
8.400000e+005	2.000000e+000	3.934830e+001
8.400000e+005	3.000000e+000	3.954730e+001
8.400000e+005	4.000000e+000	3.967214e+001
8.400000e+005	5.000000e+000	3.975694e+001
8.400000e+005	6.000000e+000	3.981783e+001
8.400000e+005	7.000000e+000	3.986345e+001
8.400000e+005	8.000000e+000	3.989881e+001
8.400000e+005	9.000000e+000	3.992698e+001
8.400000e+005	1.000000e+001	3.994992e+001
8.500000e+005	1.000000e+000	3.945686e+001
8.500000e+005	2.000000e+000	3.981937e+001
8.500000e+005	3.000000e+000	4.001837e+001
8.500000e+005	4.000000e+000	4.014321e+001
8.500000e+005	5.000000e+000	4.022801e+001
8.500000e+005	6.000000e+000	4.028890e+001
8.500000e+005	7.000000e+000	4.033452e+001
8.500000e+005	8.000000e+000	4.036988e+001
8.500000e+005	9.000000e+000	4.039805e+001
8.500000e+005	1.000000e+001	4.042099e+001
8.600000e+005	1.000000e+000	3.992793e+001
8.600000e+005	2.000000e+000	4.029044e+001
8.600000e+005	3.000000e+000	4.048944e+001
8.600000e+005	4.000000e+000	4.061428e+001
8.600000e+005	5.000000e+000	4.069907e+001
8.600000e+005	6.000000e+000	4.075997e+001
8.600000e+005	7.000000e+000	4.080559e+001
8.600000e+005	8.000000e+000	4.084095e+001
8.600000e+005	9.000000e+000	4.086912e+001
8.600000e+005	1.000000e+001	4.089206e+001
8.700000e+005	1.000000e+000	4.039900e+001
8.700000e+005	2.000000e+000	4.076151e+001
8.700000e+005	3.000000e+000	4.096051e+001
8.700000e+005	4.000000e+000	4.108534e+001
8.700000e+005	5.000000e+000	4.117014e+001
8.700000e+005	6.000000e+000	4.123104e+001
8.700000e+005	7.000000e+000	4.127666e+001
8.700000e+005	8.000000e+000	4.131202e+001
8.700000e+005	9.000000e+000	4.134019e+001
8.700000e+005	1.000000e+001	4.136313e+001
8.800000e+005	1.000000e+000	4.087007e+001
8.800000e+005	2.000000e+000	4.123258e+001
8.800000e+005	3.000000e+000	4.143158e+001
8.800000e+005	4.000000e+000	4.155641e+001
8.800000e+005	5.000000e+000	4.164121e+001
8.800000e+005	6.000000e+000	4.170211e+001
8.800000e+005	7.000000e+000	4.174773e+001
8.800000e+005	8.000000e+000	4.178309e+001
8.800000e+005	9.000000e+000	4.181126e+001
8.800000e+005	1.000000e+001	4.183420e+001
8.900000e+005	1.000000e+000	4.134114e+001
8.900000e+005	2.000000e+000	4.170365e+001
8.900000e+005	3.000000e+000	4.190265e+001
8.900000e+005	4.000000e+000	4.202748e+001
8.900000e+005	5.000000e+000	4.211228e+001
8.900000e+005	6.000000e+000	4.217318e+001
8.900000e+005	7.000000e+000	4.221880e+001
8.900000e+005	8.000000e+000	4.225416e+001
8.900000e+005	9.000000e+000	4.228233e+001
8.900000e+005	1.000000e+001	4.230527e+001
9.000000e+005	1.000000e+000	4.181220e+001
9.000000e+005	2.000000e+000	4.217472e+001
9.000000e+005	3.000000e+000	4.237372e+001
9.000000e+005	4.000000e+000	4.249855e+001
9.000000e+005	5.000000e+000	4.258335e+001
9.000000e+005	6.000000e+000	4.264424e+001
9.000000e+005	7.000000e+000	4.268987e+001
9.000000e+005	8.000000e+000	4.272523e+001
9.000000e+005	9.000000e+000	4.275339e+001
9.000000e+005	1.000000e+001	4.277634e+001
9.100000e+005	1.000000e+000	4.228327e+001
9.100000e+005	2.000000e+000	4.264578e+001
9.100000e+005	3.000000e+000	4.284479e+001
9.100000e+005	4.000000e+000	4.296962e+001
9.100000e+005	5.000000e+000	4.305442e+001
9.100000e+005	6.000000e+000	4.311531e+001
9.100000e+005	7.000000e+000	4.316094e+001
9.100000e+005	8.000000e+000	4.319630e+001
9.100000e+005	9.000000e+000	4.322446e+001
9.100000e+005	1.000000e+001	4.324740e+001
9.200000e+005	1.000000e+000	4.275434e+001
9.200000e+005	2.000000e+000	4.311685e+001
9.200000e+005	3.000000e+000	4.331585e+001
9.200000e+005	4.000000e+000	4.344069e+001
9.200000e+005	5.000000e+000	4.352549e+001
9.200000e+005	6.000000e+000	4.358638e+001
9.200000e+005	7.000000e+000	4.363201e+001
9.200000e+005	8.000000e+000	4.366737e+001
9.200000e+005	9.000000e+000	4.369553e+001
9.200000e+005	1.000000e+001	4.371847e+001
9.300000e+005	1.000000e+000	4.322541e+001
9.300000e+005	2.000000e+000	4.358792e+001
9.300000e+005	3.000000e+000	4.378692e+001
9.300000e+005	4.000000e+000	4.391176e+001
9.300000e+005	5.000000e+000	4.399656e+001
9.300000e+005	6.000000e+000	4.405745e+001
9.300000e+005	7.000000e+000	4.410307e+001
9.300000e+005	8.000000e+000	4.413843e+001
9.300000e+005	9.000000e+000	4.416660e+001
9.300000e+005	1.000000e+001	4.418954e+001
9.400000e+005	1.000000e+000	4.369648e+001
9.400000e+005	2.000000e+000	4.405899e+001
9.400000e+005	3.000000e+000	4.425799e+001
9.400000e+005	4.000000e+000	4.438283e+001
9.400000e+005	5.000000e+000	4.446762e+001
9.400000e+005	6.000000e+000	4.452852e+001
9.400000e+005	7.000000e+000	4.457414e+001
9.400000e+005	8.000000e+000	4.460950e+001
9.400000e+005	9.000000e+000	4.463767e+001
9.400000e+005	1.000000e+001	4.466061e+001
9.500000e+005	1.000000e+000	4.416755e+001
9.500000e+005	2.000000e+000	4.453006e+001
9.500000e+005	3.000000e+000	4.472906e+001
9.500000e+005	4.000000e+000	4.485389e+001
9.500000e+005	5.000000e+000	4.493869e+001
9.500000e+005	6.000000e+000	4.499959e+001
9.500000e+005	7.000000e+000	4.504521e+001
9.500000e+005	8.000000e+000	4.508057e+001
9.500000e+005	9.000000e+000	4.510874e+001
9.500000e+005	1.000000e+001	4.513168e+001
9.600000e+005	1.000000e+000	4.463862e+001
9.600000e+005	2.000000e+000	4.500113e+001
9.600000e+005	3.000000e+000	4.520013e+001
9.600000e+005	4.000000e+000	4.532496e+001
9.600000e+005	5.000000e+000	4.540976e+001
9.600000e+005	6.000000e+000	4.547066e+001
9.600000e+005	7.000000e+000	4.551628e+001
9.600000e+005	8.000000e+000	4.555164e+001
9.600000e+005	9.000000e+000	4.557981e+001
9.600000e+005	1.000000e+001	4.560275e+001
9.700000e+005	1.000000e+000	4.510969e+001
9.700000e+005	2.000000e+000	4.547220e+001
9.700000e+005	3.000000e+000	4.567120e+001
9.700000e+005	4.000000e+000	4.579603e+001
9.700000e+005	5.000000e+000	4.588083e+001
9.700000e+005	6.000000e+000	4.594172e+001
9.700000e+005	7.000000e+000	4.598735e+001
9.700000e+005	8.000000e+000	4.602271e+001
9.700000e+005	9.000000e+000	4.605088e+001
9.700000e+005	1.000000e+001	4.607382e+001
9.800000e+005	1.000000e+000	4.558075e+001
9.800000e+005	2.000000e+000	4.594326e+001
9.800000e+005	3.000000e+000	4.614227e+001
9.800000e+005	4.000000e+000	4.626710e+001
9.800000e+005	5.000000e+000	4.635190e+001
9.800000e+005	6.000000e+000	4.641279e+001
9.800000e+005	7.000000e+000	4.645842e+001
9.800000e+005	8.000000e+000	4.649378e+001
9.800000e+005	9.000000e+000	4.652194e+001
9.800000e+005	1.000000e+001	4.654489e+001
9.900000e+005	1.000000e+000	4.605182e+001
9.900000e+005	2.000000e+000	4.641433e+001
9.900000e+005	3.000000e+000	4.661334e+001
9.900000e+005	4.000000e+000	4.673817e+001
9.900000e+005	5.000000e+000	4.682297e+001
9.900000e+005	6.000000e+000	4.688386e+001
9.900000e+005	7.000000e+000	4.692949e+001
9.900000e+005	8.000000e+000	4.696485e+001
9.900000e+005	9.000000e+000	4.699301e+001
9.900000e+005	1.000000e+001	4.701595e+001
