1	0.499327
2	0.49626
3	0.494573
4	0.49275
5	0.490956
6	0.489167
7	0.487339
8	0.485076
9	0.483325
10	0.481629
11	0.479835
12	0.477901
13	0.476352
14	0.47452
15	0.472542
16	0.470348
17	0.468541
18	0.466678
19	0.464372
20	0.462647
21	0.46113
22	0.459483
23	0.457919
24	0.455974
25	0.454017
26	0.452193
27	0.45056
28	0.448854
29	0.447109
30	0.445033
31	0.443316
32	0.441675
33	0.439842
34	0.437986
35	0.436099
36	0.434431
37	0.432486
38	0.431027
39	0.42943
40	0.427792
41	0.426163
42	0.424454
43	0.423174
44	0.421907
45	0.42058
46	0.419497
47	0.417585
48	0.415757
49	0.414068
50	0.41223
51	0.410775
52	0.409402
53	0.408221
54	0.406822
55	0.406062
56	0.404853
57	0.403753
58	0.40173
59	0.400396
60	0.398928
61	0.397514
62	0.395808
63	0.393901
64	0.392516
65	0.390797
66	0.389593
67	0.387987
68	0.386687
69	0.385318
70	0.383834
71	0.382261
72	0.380745
73	0.379036
74	0.37735
75	0.376105
76	0.375256
77	0.373903
78	0.372436
79	0.370511
80	0.36905
81	0.367525
82	0.366092
83	0.364675
84	0.363668
85	0.36194
86	0.360722
87	0.359438
88	0.357746
89	0.356394
90	0.35477
91	0.353207
92	0.352214
93	0.350786
94	0.349419
95	0.348442
96	0.346848
97	0.345757
98	0.344134
99	0.342704
100	0.34127
101	0.340019
102	0.338963
103	0.337241
104	0.335695
105	0.334504
106	0.333153
107	0.33198
108	0.330476
109	0.329316
110	0.327878
111	0.326556
112	0.325193
113	0.323772
114	0.322505
115	0.321362
116	0.32012
117	0.318998
118	0.317731
119	0.316461
120	0.315003
121	0.313545
122	0.31205
123	0.310911
124	0.309569
125	0.308704
126	0.307247
127	0.306147
128	0.305049
129	0.304112
130	0.302858
131	0.301798
132	0.300362
133	0.299181
134	0.297777
135	0.295946
136	0.294829
137	0.293527
138	0.292296
139	0.291702
140	0.290136
141	0.288781
142	0.287918
143	0.286719
144	0.2855
145	0.284663
146	0.283377
147	0.282491
148	0.281287
149	0.280741
150	0.279735
151	0.278921
152	0.277761
153	0.276887
154	0.275798
155	0.274871
156	0.273396
157	0.272686
158	0.271804
159	0.271167
160	0.270265
161	0.269064
162	0.267663
163	0.266796
164	0.265563
165	0.264233
166	0.263113
167	0.261972
168	0.260729
169	0.260134
170	0.258767
171	0.25742
172	0.256066
173	0.255155
174	0.254099
175	0.252995
176	0.252136
177	0.250918
178	0.249864
179	0.24915
180	0.248326
181	0.24741
182	0.246855
183	0.245879
184	0.245088
185	0.244321
186	0.24302
187	0.24198
188	0.241143
189	0.240391
190	0.239998
191	0.239395
192	0.238785
193	0.237867
194	0.236769
195	0.235853
196	0.234841
197	0.233858
198	0.233109
199	0.232317
200	0.231216
201	0.230535
202	0.229641
203	0.228528
204	0.227492
205	0.226097
206	0.225143
207	0.224498
208	0.223236
209	0.222697
210	0.221196
211	0.220422
212	0.2197
213	0.219465
214	0.21911
215	0.218085
216	0.216973
217	0.216418
218	0.21607
219	0.215252
220	0.214269
221	0.213893
222	0.213436
223	0.212553
224	0.211805
225	0.210959
226	0.210712
227	0.209903
228	0.209164
229	0.208166
230	0.207362
231	0.206589
232	0.205636
233	0.204971
234	0.204017
235	0.203355
236	0.202555
237	0.202057
238	0.201066
239	0.200331
240	0.199048
241	0.198216
242	0.197448
243	0.196863
244	0.19607
245	0.195232
246	0.194636
247	0.193942
248	0.193281
249	0.192754
250	0.192262
251	0.191742
252	0.190781
253	0.190261
254	0.18961
255	0.188943
256	0.188296
257	0.187586
258	0.186352
259	0.186095
260	0.185425
261	0.184668
262	0.183371
263	0.18328
264	0.182598
265	0.182045
266	0.180788
267	0.179718
268	0.178956
269	0.178152
270	0.177161
271	0.176633
272	0.176034
273	0.174561
274	0.173764
275	0.173191
276	0.172775
277	0.17186
278	0.171179
279	0.170815
280	0.170702
281	0.170502
282	0.170774
283	0.169968
284	0.169133
285	0.168154
286	0.167283
287	0.166468
288	0.1655
289	0.164411
290	0.16372
291	0.16231
292	0.161208
293	0.160642
294	0.160098
295	0.159703
296	0.15907
297	0.158569
298	0.157885
299	0.157417
300	0.15652
301	0.155499
302	0.154991
303	0.154086
304	0.15345
305	0.152558
306	0.151929
307	0.151153
308	0.150584
309	0.149895
310	0.149722
311	0.148973
312	0.148708
313	0.148244
314	0.148509
315	0.148571
316	0.147632
317	0.146908
318	0.146483
319	0.145934
320	0.145298
321	0.144625
322	0.144041
323	0.143745
324	0.143439
325	0.142415
326	0.141783
327	0.140998
328	0.140233
329	0.139905
330	0.139665
331	0.13911
332	0.138566
333	0.137546
334	0.137292
335	0.136935
336	0.13633
337	0.135509
338	0.134981
339	0.134193
340	0.133084
341	0.132408
342	0.13204
343	0.131473
344	0.130515
345	0.130026
346	0.129485
347	0.128783
348	0.128097
349	0.126997
350	0.125987
351	0.125653
352	0.124835
353	0.124562
354	0.124785
355	0.124351
356	0.12375
357	0.123587
358	0.12355
359	0.122891
360	0.122472
361	0.122466
362	0.122063
363	0.121493
364	0.120441
365	0.120046
366	0.119594
367	0.119082
368	0.118617
369	0.117842
370	0.117374
371	0.116809
372	0.116707
373	0.11597
374	0.115871
375	0.115397
376	0.115062
377	0.114463
378	0.113704
379	0.113359
380	0.113096
381	0.112674
382	0.112334
383	0.112281
384	0.111698
385	0.111124
386	0.110592
387	0.109737
388	0.109619
389	0.108901
390	0.108572
391	0.108385
392	0.107855
393	0.107205
394	0.106825
395	0.106828
396	0.106517
397	0.106365
398	0.105959
399	0.105207
400	0.104891
401	0.103921
402	0.103221
403	0.102454
404	0.102487
405	0.102169
406	0.101876
407	0.101899
408	0.101623
409	0.101024
410	0.100834
411	0.0996739
412	0.0993636
413	0.0982908
414	0.0975556
415	0.0972628
416	0.0975253
417	0.0972935
418	0.0967309
419	0.0962134
420	0.0953808
421	0.0950927
422	0.0949124
423	0.0943635
424	0.0937581
425	0.0933499
426	0.0927855
427	0.0926057
428	0.0918963
429	0.0913845
430	0.0910138
431	0.0909921
432	0.0903551
433	0.0902742
434	0.0897724
435	0.0896248
436	0.0889549
437	0.0886639
438	0.0886894
439	0.0884646
440	0.0877159
441	0.0873563
442	0.086747
443	0.0861573
444	0.0858155
445	0.0858409
446	0.0854002
447	0.0850781
448	0.0847904
449	0.0846642
450	0.0838454
451	0.0838757
452	0.0837873
453	0.0832885
454	0.0826033
455	0.082108
456	0.0820137
457	0.0818389
458	0.0813795
459	0.0811118
460	0.080718
461	0.080814
462	0.0805996
463	0.0805514
464	0.0799655
465	0.0798026
466	0.0794526
467	0.0792577
468	0.0785582
469	0.0782533
470	0.0777006
471	0.0776084
472	0.0778953
473	0.0779231
474	0.0773681
475	0.0767569
476	0.0763918
477	0.0757524
478	0.0751166
479	0.0744886
480	0.0737482
481	0.0736152
482	0.0730682
483	0.0723778
484	0.0717981
485	0.0713856
486	0.0708879
487	0.0704781
488	0.070058
489	0.0703953
490	0.0702964
491	0.0703269
492	0.0699889
493	0.069459
494	0.0694721
495	0.0695056
496	0.0693621
497	0.0687672
498	0.0685246
499	0.0681167
500	0.0677377
501	0.0672058
502	0.0668034
503	0.066684
504	0.0666027
505	0.0660718
506	0.06588
507	0.0661246
508	0.0662297
509	0.0661489
510	0.0660916
511	0.0656324
512	0.0650412
513	0.0649999
514	0.0645589
515	0.0646929
516	0.064868
517	0.0646165
518	0.0640885
519	0.0635469
520	0.0634651
521	0.0628627
522	0.0624395
523	0.0621616
524	0.0615144
525	0.0613234
526	0.0612476
527	0.0605426
528	0.0607497
529	0.0606803
530	0.0599261
531	0.0597508
532	0.0591652
533	0.0588646
534	0.0583137
535	0.058268
536	0.0581825
537	0.0579317
538	0.0575493
539	0.0574895
540	0.0575576
541	0.0572047
542	0.057044
543	0.0566606
544	0.0567539
545	0.0565742
546	0.0570097
547	0.0563206
548	0.0561482
549	0.0557547
550	0.0558032
551	0.0557392
552	0.0555044
553	0.0551429
554	0.0546182
555	0.054431
556	0.0543746
557	0.0540971
558	0.0537861
559	0.0537198
560	0.0535208
561	0.0535114
562	0.0535761
563	0.0530756
564	0.0534004
565	0.0531774
566	0.0528857
567	0.0521093
568	0.0519302
569	0.052121
570	0.052016
571	0.051711
572	0.051535
573	0.0510043
574	0.0504827
575	0.0501812
576	0.0500036
577	0.0497123
578	0.0494572
579	0.0491702
580	0.0492685
581	0.0494083
582	0.0491623
583	0.0493153
584	0.0494678
585	0.049163
586	0.0489393
587	0.0483029
588	0.0479559
589	0.0475012
590	0.0471457
591	0.0467529
592	0.0464625
593	0.0462228
594	0.0459657
595	0.0459558
596	0.0456475
597	0.0451645
598	0.0450481
599	0.0448008
600	0.0442404
601	0.0445899
602	0.0441934
603	0.0439231
604	0.0437031
605	0.0439436
606	0.0441097
607	0.0440416
608	0.0438437
609	0.0432335
610	0.0428215
611	0.0428849
612	0.0421414
613	0.0422808
614	0.0418512
615	0.0411629
616	0.0409422
617	0.0408208
618	0.0402616
619	0.040892
620	0.0405566
621	0.0405794
622	0.0404288
623	0.0399923
624	0.0400916
625	0.0399937
626	0.0395859
627	0.0396242
628	0.0399191
629	0.0400303
630	0.040038
631	0.0400645
632	0.0397465
633	0.0388063
634	0.0387489
635	0.0383136
636	0.0381437
637	0.0383269
638	0.0378685
639	0.0373994
640	0.0372485
641	0.036903
642	0.0363779
643	0.0367526
644	0.0368779
645	0.037033
646	0.0374844
647	0.0374937
648	0.0374304
649	0.037276
650	0.0368931
651	0.0369765
652	0.0371245
653	0.0368575
654	0.0374917
655	0.0370374
656	0.0369538
657	0.0367446
658	0.0363168
659	0.0358485
660	0.0357525
661	0.035559
662	0.0355598
663	0.0354779
664	0.0349829
665	0.0347585
666	0.0346878
667	0.0345723
668	0.0346985
669	0.034993
670	0.034887
671	0.035081
672	0.0350432
673	0.034948
674	0.0351989
675	0.0348256
676	0.0346373
677	0.0345021
678	0.0349588
679	0.0342672
680	0.0341357
681	0.0340698
682	0.034009
683	0.0338469
684	0.0335793
685	0.0337781
686	0.0337273
687	0.0333694
688	0.0330017
689	0.0330426
690	0.0325939
691	0.0323541
692	0.032433
693	0.0323026
694	0.0318967
695	0.031943
696	0.0318975
697	0.0321367
698	0.0322063
699	0.0314259
700	0.0308989
