0	0	0
-1.000000	-4.000000	-0.087265
-0.352422	-8.07193	0
0.647578	-4.07193	-0.087265
1.29516	-8.14387	0
2.29516	-4.14387	-0.087265
2.94273	-8.2158	-0.17453
4.62212	-4.45021	-0.261795
2.62094	-8.05511	-0.34906
4.92869	-4.63834	-0.261795
4.85936	-8.76086	-0.34906
7.16711	-5.3441	-0.261795
9.1683	-1.73921	-0.17453
10.8477	2.02638	-0.261795
10.7784	-2.09614	-0.34906
13.0861	1.32062	-0.261795
13.1554	5.44314	-0.17453
13.4457	1.33027	-0.261795
13.515	5.45279	-0.17453
13.8052	1.33991	-0.261795
13.7359	-2.78261	-0.34906
13.3075	-6.88341	-0.261795
13.3769	-2.76088	-0.17453
13.6671	-6.87376	-0.087265
12.3223	-10.7714	-2.77556e-017
13.3223	-6.77139	-0.087265
12.6747	-2.69945	-2.77556e-017
11.6747	1.30055	-0.087265
11.0271	5.37248	-0.17453
9.34773	1.60689	-0.087265
10.6925	5.50452	-2.77556e-017
11.6925	1.50452	0.087265
12.3401	5.57645	0.17453
14.0195	1.81086	0.261795
16.0207	-1.79403	0.34906
15.5923	2.30676	0.436325
16.3765	-1.74109	0.34906
14.0687	1.67567	0.261795
13.9994	5.79819	0.17453
12.32	9.56378	0.087265
10.9752	13.4614	-2.77556e-017
9.97518	9.46141	-0.087265
10.6228	5.38947	-2.77556e-017
11.6228	9.38947	-0.087265
10.9752	13.4614	-0.17453
10.685	17.5743	-0.087265
10.0374	21.6462	-2.77556e-017
9.03738	25.6462	0.087265
7.69257	29.5438	0.17453
7.98279	33.6567	0.261795
9.98398	30.0518	0.17453
11.6634	26.2862	0.261795
9.66218	29.8911	0.34906
11.9699	26.4744	0.436325
11.1858	30.5222	0.34906
11.6142	26.4214	0.261795
9.61298	30.0263	0.17453
9.32275	25.9134	0.087265
8.67517	21.8415	-2.77556e-017
9.67517	25.8415	0.087265
8.33036	29.7391	0.17453
8.04013	25.6263	0.087265
8.68771	29.6982	-2.77556e-017
7.68771	33.6982	0.087265
9.03252	29.8006	0.17453
10.7119	26.035	0.087265
10.0643	21.963	-2.77556e-017
9.06433	17.963	0.087265
9.71191	22.035	-2.77556e-017
8.71191	18.035	0.087265
7.3671	21.9326	-2.77556e-017
6.3671	17.9326	-0.087265
7.71191	21.8302	-2.77556e-017
6.71191	25.8302	0.087265
5.3671	29.7279	0.17453
5.07687	25.615	0.087265
5.72445	29.6869	-2.77556e-017
4.72445	33.6869	-0.087265
4.07687	37.7588	-2.77556e-017
3.07687	41.7588	-0.087265
1.73206	37.8612	-0.17453
0.0526721	34.0956	-0.261795
0.122004	38.2182	-0.17453
-0.168223	42.331	-0.087265
-1.51303	38.4334	-2.77556e-017
-2.51303	42.4334	0.087265
-1.16822	38.5358	-2.77556e-017
-0.168223	34.5358	-0.087265
0.479355	30.4639	-0.17453
-1.20003	26.6983	-0.261795
-3.20122	23.0934	-0.34906
-5.50897	19.6766	-0.261795
-3.50779	23.2815	-0.17453
-1.8284	27.0471	-0.261795
-1.89773	22.9246	-0.17453
-3.57712	19.159	-0.087265
-2.92954	15.087	-2.77556e-017
-1.92954	11.087	0.087265
-3.27435	14.9847	0.17453
-2.98413	19.0975	0.087265
-4.32894	22.9952	-2.77556e-017
-5.32894	18.9952	-0.087265
-3.98413	22.8928	-0.17453
-3.6939	18.7799	-0.087265
-3.04632	14.708	-2.77556e-017
-2.04632	10.708	0.087265
-2.6939	6.63605	0.17453
-2.40367	10.7489	0.087265
-1.05886	6.8513	0.17453
-1.34909	2.73843	0.087265
-2.6939	6.63605	-2.77556e-017
-3.6939	2.63605	-0.087265
-5.03871	-1.26157	-0.17453
-6.7181	-5.02716	-0.261795
-8.71929	-8.63206	-0.17453
-10.3987	-12.3976	-0.087265
-9.05387	-8.50002	-2.77556e-017
-10.0539	-4.50002	-0.087265
-10.7014	-0.428085	-2.77556e-017
-9.70144	-4.42808	0.087265
-10.349	-8.50002	-2.77556e-017
-9.34902	-4.50002	0.087265
-10.6938	-0.602393	-2.77556e-017
-11.6938	-4.60239	0.087265
-13.0386	-0.704768	-2.77556e-017
-12.0386	-4.70477	0.087265
-10.6938	-8.60239	-2.77556e-017
-9.69383	-12.6024	0.087265
-8.34902	-16.5	0.17453
-6.66963	-20.2656	0.087265
-7.31721	-24.3375	-2.77556e-017
-6.31721	-28.3375	-0.087265
-7.66202	-32.2352	-2.77556e-017
-6.66202	-36.2352	0.087265
-8.00683	-32.3375	0.17453
-6.32744	-36.1031	0.087265
-5.67987	-32.0312	0.17453
-4.00048	-35.7968	0.087265
-3.3529	-31.7248	-2.77556e-017
-2.3529	-35.7248	0.087265
-3.00048	-39.7968	0.17453
-2.71025	-35.6839	0.087265
-4.05506	-31.7863	0.17453
-3.76483	-27.6734	0.087265
-5.10965	-23.7758	0.17453
-4.81942	-19.6629	0.261795
-4.88875	-15.5404	0.17453
-4.59852	-11.4275	0.087265
-3.25371	-15.3251	-2.77556e-017
-2.25371	-19.3251	0.087265
-1.60613	-15.2532	-2.77556e-017
-0.606134	-19.2532	0.087265
0.738678	-23.1508	-2.77556e-017
1.73868	-19.1508	-0.087265
1.0911	-15.0789	-0.17453
1.38133	-19.1918	-0.087265
2.72614	-15.2941	-0.17453
4.40553	-11.5285	-0.261795
6.40671	-7.92365	-0.17453
8.0861	-4.15806	-0.261795
8.15544	-0.0355403	-0.34906
5.84768	-3.4523	-0.436325
6.63182	0.595551	-0.34906
4.32407	-2.82121	-0.436325
3.53993	-6.86907	-0.34906
3.11157	-10.9699	-0.436325
0.514809	-14.1725	-0.34906
0.943172	-10.0717	-0.261795
2.94436	-6.46681	-0.17453
4.62375	-2.70122	-0.087265
3.97617	1.37071	-0.17453
5.65556	5.1363	-0.261795
7.65675	8.7412	-0.17453
7.94697	4.62832	-0.087265
7.2994	8.70025	-0.17453
8.97878	12.4658	-0.261795
8.90945	8.34332	-0.17453
8.61923	12.4562	-0.087265
7.27441	8.55857	-2.77556e-017
6.27441	4.55857	0.087265
4.9296	8.45619	-2.77556e-017
5.9296	4.45619	0.087265
4.58479	8.35382	-2.77556e-017
3.58479	4.35382	-0.087265
2.93721	8.42575	-2.77556e-017
1.93721	4.42575	-0.087265
0.5924	0.528128	-0.17453
0.302173	4.64101	-0.261795
2.30336	8.2459	-0.17453
3.98275	12.0115	-0.261795
5.98393	15.6164	-0.34906
3.67618	12.1996	-0.436325
1.07942	8.99698	-0.52359
-0.0545157	5.03287	-0.610855
3.05891	7.73594	-0.69812
4.86398	11.4429	-0.785385
2.7427	7.90736	-0.87265
-0.964236	6.1022	-0.959915
-3.66722	2.9887	-1.04718
-0.703166	5.85478	-0.959915
-3.40615	2.74128	-0.87265
-5.82749	-0.595955	-0.959915
-3.12451	2.51755	-0.87265
-5.54585	-0.819684	-0.959915
-8.24883	-3.93319	-0.87265
-11.9558	-5.73835	-0.959915
-15.8059	-7.21356	-1.04718
-11.8418	-6.07952	-1.13445
-7.79401	-5.29527	-1.04718
-3.82993	-4.16123	-1.13445
0.217902	-3.37699	-1.04718
3.18195	-0.510911	-0.959915
0.478972	-3.62441	-1.04718
3.44302	-0.758335	-1.13445
-0.604811	-1.54258	-1.04718
-4.56889	-2.67662	-0.959915
-1.86591	0.43688	-1.04718
1.09814	3.30296	-0.959915
-2.75202	1.82774	-0.87265
-5.17336	-1.50949	-0.959915
-7.87634	-4.62299	-0.87265
-5.455	-1.28576	-0.959915
-8.15798	-4.39926	-1.04718
-11.122	-7.26534	-1.13445
-15.1699	-8.04958	-1.22171
-18.5866	-10.3574	-1.30897
-22.7091	-10.4269	-1.22171
-19.2924	-8.11902	-1.30897
-15.6876	-6.11774	-1.39624
-19.4531	-7.79723	-1.30897
-15.3306	-7.72779	-1.22171
-18.7473	-10.0356	-1.30897
-22.8698	-10.1051	-1.22171
-26.2865	-12.4129	-1.13445
-29.4891	-15.0098	-1.22171
-33.5898	-15.4382	-1.13445
-37.6377	-16.2225	-1.22171
-33.5369	-15.794	-1.30897
-29.9321	-13.7927	-1.22171
-34.0328	-14.2212	-1.30897
-30.428	-12.2199	-1.22171
-26.3272	-11.7914	-1.13445
-23.1247	-9.19459	-1.04718
-27.0887	-10.3286	-0.959915
-24.3858	-7.21514	-1.04718
-21.4217	-4.34906	-0.959915
-25.2719	-5.82428	-0.87265
-21.5649	-4.01912	-0.959915
-18.8619	-0.905614	-1.04718
-22.826	-2.03966	-1.13445
-26.0286	-4.6365	-1.22171
-29.4453	-6.94434	-1.30897
-25.8405	-4.94306	-1.22171
-21.7397	-4.51459	-1.30897
-25.8622	-4.58403	-1.22171
-29.963	-5.0125	-1.30897
-33.5678	-7.01378	-1.39624
-37.3334	-8.69327	-1.4835
-33.4358	-7.34836	-1.39624
-29.3229	-7.63848	-1.4835
-25.4253	-6.29356	-1.57077
-21.4253	-5.29346	-1.4835
-25.3229	-6.63837	-1.57077
-29.3229	-7.63848	-1.4835
-25.2509	-8.28595	-1.39624
-21.138	-8.57607	-1.4835
-25.0356	-9.92098	-1.39624
-29.1485	-9.63086	-1.4835
-33.2205	-8.98339	-1.57077
-37.2204	-9.9835	-1.65803
-41.1181	-8.63879	-1.7453
-45.231	-8.92912	-1.83256
-41.626	-10.9302	-1.91983
-37.5252	-11.3585	-1.83256
-33.9203	-13.3596	-1.7453
-30.1546	-15.0389	-1.83256
-34.2772	-14.9696	-1.7453
-38.39	-15.26	-1.83256
-34.2675	-15.3292	-1.91983
-30.1667	-15.7574	-2.00709
-26.1188	-16.5415	-2.09436
-30.083	-15.4076	-2.00709
-34.1309	-14.6236	-1.91983
-30.0301	-15.0519	-2.00709
-26.8273	-17.6485	-2.09436
-23.8631	-20.5145	-2.18162
-26.5663	-17.4011	-2.26889
-22.8593	-19.2061	-2.35615
-26.3949	-17.0849	-2.44342
-29.7322	-14.6636	-2.53068
-26.6186	-17.3665	-2.44342
-23.2813	-19.7878	-2.53068
-21.806	-23.6379	-2.61795
-20.6718	-27.602	-2.53068
-17.5583	-30.3049	-2.44342
-15.753	-34.0117	-2.53068
-18.8666	-31.3088	-2.44342
-20.6718	-27.602	-2.35615
-18.5504	-31.1374	-2.44342
-15.2131	-33.5587	-2.35615
-13.0916	-37.0941	-2.44342
-14.8969	-33.3872	-2.53068
-16.3722	-29.5371	-2.44342
-14.5669	-33.244	-2.53068
-17.6805	-30.5411	-2.44342
-21.0178	-28.1198	-2.35615
-18.8963	-31.6553	-2.44342
-17.0911	-35.3622	-2.35615
-20.6267	-33.241	-2.44342
-18.8215	-36.9479	-2.53068
-21.935	-34.245	-2.61795
-24.8012	-31.281	-2.70521
-25.5855	-27.2332	-2.61795
-28.4517	-24.2692	-2.53068
-29.927	-20.4191	-2.44342
-28.1217	-24.126	-2.53068
-31.2353	-21.4231	-2.44342
-27.898	-23.8443	-2.53068
-26.4227	-27.6945	-2.44342
-28.228	-23.9876	-2.35615
-31.7636	-21.8664	-2.44342
-28.4263	-24.2876	-2.53068
-25.3127	-26.9905	-2.61795
-28.1789	-24.0266	-2.53068
-26.7036	-27.8767	-2.44342
-28.5088	-24.1698	-2.35615
-32.0444	-22.0486	-2.44342
-35.3817	-19.6274	-2.53068
-33.9064	-23.4775	-2.44342
-35.7117	-19.7706	-2.53068
-37.187	-15.9205	-2.44342
-40.5243	-13.4992	-2.35615
-42.6457	-9.96377	-2.44342
-45.983	-7.54252	-2.53068
-44.5077	-11.3926	-2.44342
-42.7025	-15.0995	-2.53068
-44.1778	-11.2494	-2.44342
-47.5151	-8.82816	-2.53068
-48.9904	-4.97804	-2.61795
-50.1245	-1.01399	-2.53068
-48.6492	-4.86411	-2.44342
-46.844	-8.571	-2.35615
-44.7225	-12.1064	-2.26889
-42.301	-15.4436	-2.18162
-46.1512	-13.9685	-2.26889
-48.5727	-10.6314	-2.35615
-46.4513	-14.1669	-2.44342
-43.114	-16.5881	-2.35615
-46.6496	-14.467	-2.44342
-44.8443	-18.1739	-2.53068
-47.9579	-15.471	-2.44342
-44.6206	-17.8922	-2.35615
-46.7421	-14.3568	-2.44342
-44.9368	-18.0636	-2.53068
-41.8232	-20.7665	-2.44342
-40.018	-24.4734	-2.53068
-41.4933	-20.6233	-2.61795
-42.6275	-16.6593	-2.70521
-41.8431	-20.7071	-2.79248
-41.4145	-24.8078	-2.70521
-42.1989	-20.76	-2.61795
-39.3327	-23.724	-2.53068
-36.2191	-26.4269	-2.44342
-38.0244	-22.72	-2.53068
-36.5491	-26.5701	-2.44342
-39.8864	-24.1489	-2.35615
-36.3508	-26.2701	-2.26889
-40.0578	-24.4651	-2.35615
-42.1793	-20.9297	-2.44342
-40.374	-24.6365	-2.35615
-38.2525	-28.172	-2.44342
-34.9152	-30.5932	-2.53068
-36.3906	-26.7431	-2.44342
-33.0533	-29.1644	-2.53068
-36.1668	-26.4615	-2.61795
-35.0327	-30.4255	-2.70521
-32.4358	-33.628	-2.61795
-29.5696	-36.592	-2.70521
-32.1665	-33.3895	-2.79248
-34.4745	-29.9729	-2.70521
-33.6901	-34.0207	-2.61795
-34.8243	-30.0566	-2.70521
-37.4212	-26.8541	-2.61795
-34.555	-29.8181	-2.53068
-37.6686	-27.1152	-2.44342
-35.8634	-30.8221	-2.35615
-39.399	-28.7009	-2.26889
-35.6919	-30.5059	-2.35615
-33.5705	-34.0413	-2.26889
-37.2775	-32.2364	-2.35615
-33.7419	-34.3575	-2.44342
-30.4046	-36.7788	-2.35615
-33.9402	-34.6576	-2.44342
-35.7455	-30.9507	-2.35615
-37.8669	-27.4153	-2.26889
-40.2885	-24.0782	-2.35615
-38.167	-27.6136	-2.44342
-36.3617	-31.3205	-2.53068
-37.8371	-27.4704	-2.61795
-36.7029	-31.4344	-2.70521
-35.9186	-35.4823	-2.61795
-34.7844	-39.4463	-2.53068
-33.3091	-43.2964	-2.44342
-35.1143	-39.5895	-2.53068
-38.2279	-36.8866	-2.44342
-34.8906	-39.3079	-2.35615
-38.4262	-37.1867	-2.26889
-42.1333	-35.3818	-2.18162
-38.283	-36.8568	-2.09436
-42.2472	-35.7229	-2.18162
-46.0974	-34.2479	-2.09436
-49.0616	-31.382	-2.18162
-52.9119	-29.907	-2.09436
-48.9477	-31.0408	-2.18162
-45.0975	-32.5158	-2.09436
-49.0616	-31.382	-2.18162
-52.9119	-29.907	-2.09436
-48.9477	-31.0408	-2.00709
-44.8998	-31.8248	-1.91983
-48.3167	-29.5172	-2.00709
-45.114	-32.1139	-1.91983
-49.2148	-31.6856	-2.00709
-45.1669	-32.4696	-2.09436
-41.2028	-33.6035	-2.18162
-37.3525	-35.0785	-2.26889
-33.6455	-36.8834	-2.35615
-31.524	-40.4189	-2.44342
-28.1867	-42.8401	-2.53068
-29.662	-38.99	-2.61795
-28.5279	-42.9541	-2.70521
-25.931	-46.1566	-2.79248
-28.2389	-42.7399	-2.87974
-28.3085	-38.6174	-2.96701
-28.0184	-34.5045	-3.05427
-26.6734	-38.4021	-2.96701
-24.9938	-42.1676	-2.87974
-24.9243	-46.2901	-2.79248
-24.4957	-50.3909	-2.70521
-25.2801	-46.343	-2.79248
-27.588	-42.9264	-2.87974
-27.5184	-47.0489	-2.96701
-25.8389	-50.8144	-3.05427
-27.1839	-46.9169	-3.14154
-28.1841	-42.9169	-3.2288
-29.5287	-46.8146	-3.31607
-29.2382	-50.9275	-3.40333
-31.2392	-54.5325	-3.31607
-31.5297	-50.4196	-3.2288
-30.8819	-54.4915	-3.31607
-29.2027	-50.7258	-3.40333
-29.2718	-54.8484	-3.31607
-28.9814	-58.9612	-3.2288
-30.326	-62.8589	-3.14154
-31.3258	-66.859	-3.05427
-32.6708	-62.9614	-3.14154
-31.671	-58.9614	-3.2288
-31.0232	-63.0333	-3.31607
-30.7328	-67.1461	-3.2288
-31.3806	-63.0742	-3.14154
-30.3808	-59.0742	-3.2288
-31.7254	-62.9719	-3.31607
-33.4046	-66.7376	-3.2288
-34.0524	-62.6657	-3.31607
-33.7619	-66.7785	-3.40333
-33.6928	-62.656	-3.31607
-35.372	-66.4217	-3.2288
-34.7242	-70.4936	-3.31607
-36.4034	-74.2592	-3.2288
-37.748	-78.1569	-3.14154
-36.7478	-82.1569	-3.2288
-38.0924	-86.0546	-3.31607
-36.4132	-82.2889	-3.40333
-34.4122	-78.6839	-3.4906
-36.7198	-82.1008	-3.40333
-36.7889	-86.2233	-3.4906
-34.4813	-82.8064	-3.40333
-36.4823	-86.4114	-3.31607
-38.1615	-90.1771	-3.40333
-38.0924	-86.0546	-3.4906
-38.5205	-90.1554	-3.40333
-38.5896	-94.2779	-3.31607
-38.2992	-98.3908	-3.40333
-38.3683	-102.513	-3.4906
-36.0607	-99.0964	-3.40333
-38.0617	-102.701	-3.31607
-37.7713	-106.814	-3.2288
-38.4191	-102.742	-3.31607
-38.7095	-98.6295	-3.2288
-37.3649	-94.7318	-3.14154
-36.3647	-98.7318	-3.2288
-35.7169	-102.804	-3.14154
-34.7167	-106.804	-3.2288
-35.3645	-102.732	-3.31607
-35.655	-98.6189	-3.40333
-35.5858	-94.4963	-3.31607
-33.9066	-90.7307	-3.40333
-35.9076	-94.3357	-3.4906
-35.4795	-90.2348	-3.57786
-32.8829	-87.0321	-3.4906
-33.3111	-91.1329	-3.40333
-33.3802	-95.2554	-3.4906
-31.0726	-91.8385	-3.40333
-33.0736	-95.4435	-3.4906
-35.3812	-98.8604	-3.57786
-37.9778	-102.063	-3.4906
-35.6702	-98.6463	-3.40333
-35.6011	-94.5238	-3.4906
-36.0292	-98.6246	-3.57786
-38.6258	-101.827	-3.4906
-39.054	-105.928	-3.40333
-38.9848	-101.806	-3.31607
-38.6944	-105.919	-3.40333
-40.6954	-109.524	-3.31607
-42.3746	-113.289	-3.2288
-43.0224	-109.217	-3.31607
-44.7016	-112.983	-3.2288
-46.0462	-116.881	-3.14154
-47.046	-120.881	-3.05427
-47.6933	-124.953	-3.14154
-48.6935	-120.953	-3.05427
-50.0385	-117.055	-3.14154
-51.0388	-113.055	-3.05427
-51.6861	-117.127	-3.14154
-52.6863	-113.127	-3.05427
-54.0314	-109.23	-2.96701
-52.3518	-112.995	-2.87974
-54.3531	-109.39	-2.79248
-52.0452	-112.807	-2.70521
-52.8296	-108.759	-2.61795
-53.9637	-104.795	-2.70521
-56.5606	-101.593	-2.61795
-53.6945	-104.557	-2.70521
-56.2914	-101.354	-2.79248
-55.8628	-105.455	-2.70521
-55.0785	-109.503	-2.61795
-52.2123	-112.467	-2.53068
-49.0987	-115.17	-2.61795
-47.9646	-119.134	-2.53068
-44.851	-121.837	-2.44342
-43.0458	-125.543	-2.35615
-45.1672	-122.008	-2.26889
-47.5887	-118.671	-2.18162
-43.7385	-120.146	-2.09436
-39.7744	-121.28	-2.00709
-42.9771	-118.683	-2.09436
-40.0129	-121.549	-2.00709
-43.2156	-118.952	-2.09436
-47.1797	-117.819	-2.18162
-43.3295	-119.294	-2.09436
-39.3653	-120.427	-2.00709
-36.1626	-123.024	-2.09436
-39.1268	-120.158	-2.00709
-35.9241	-122.755	-2.09436
-38.8883	-119.889	-2.18162
-35.0381	-121.364	-2.26889
-31.3311	-123.169	-2.35615
-29.2096	-126.704	-2.44342
-25.8723	-129.126	-2.35615
-23.7508	-132.661	-2.44342
-25.5561	-128.954	-2.35615
-22.0205	-131.075	-2.44342
-18.6832	-133.497	-2.35615
-22.2188	-131.375	-2.44342
-20.4135	-135.082	-2.53068
-21.8889	-131.232	-2.61795
-19.0227	-134.196	-2.53068
-15.9091	-136.899	-2.61795
-18.7753	-133.935	-2.53068
-17.3	-137.785	-2.44342
-19.1052	-134.078	-2.53068
-22.2188	-131.375	-2.44342
-25.5561	-128.954	-2.53068
-22.4425	-131.657	-2.44342
-20.6373	-135.364	-2.53068
-22.1126	-131.514	-2.44342
-25.4499	-129.093	-2.53068
-22.3363	-131.795	-2.61795
-23.4705	-127.831	-2.70521
-22.6861	-131.879	-2.79248
-20.3782	-135.296	-2.87974
-20.4477	-131.173	-2.96701
-18.7681	-134.939	-2.87974
-16.7668	-138.544	-2.79248
-16.3382	-142.644	-2.87974
-18.3396	-139.04	-2.96701
-18.6296	-143.152	-3.05427
-19.2769	-147.224	-3.14154
-18.2767	-151.224	-3.2288
-19.6213	-155.122	-3.31607
-19.3309	-159.235	-3.40333
-19.2618	-155.112	-3.4906
-19.6899	-159.213	-3.40333
-19.6208	-155.091	-3.4906
-17.3132	-151.674	-3.57786
-14.7166	-148.471	-3.66513
-17.5825	-151.435	-3.75239
-14.4692	-148.732	-3.66513
-13.3355	-144.768	-3.57786
-10.7389	-141.565	-3.4906
-13.0464	-144.982	-3.57786
-10.4499	-141.779	-3.66513
-13.3157	-144.744	-3.57786
-14.0996	-148.791	-3.66513
-12.9659	-144.827	-3.57786
-10.3693	-141.625	-3.4906
-10.7974	-145.725	-3.40333
-10.7283	-141.603	-3.31607
-10.4379	-145.716	-3.40333
-10.507	-149.838	-3.4906
-8.19943	-146.421	-3.57786
-10.796	-149.624	-3.66513
-9.66229	-145.66	-3.75239
-6.549	-142.957	-3.66513
-7.68273	-146.921	-3.75239
-4.56945	-144.218	-3.66513
-7.43529	-147.182	-3.75239
-4.322	-144.479	-3.83966
-2.51713	-140.772	-3.92692
-6.05253	-142.893	-4.01419
-9.75937	-144.698	-4.10145
-7.05655	-141.585	-4.01419
-3.34971	-139.779	-4.10145
-0.646893	-136.666	-4.01419
1.77427	-133.328	-4.10145
5.62436	-131.853	-4.01419
3.20319	-135.19	-4.10145
7.05327	-133.715	-4.18872
3.08925	-134.849	-4.27598
-0.958542	-135.634	-4.36325
-5.0593	-136.062	-4.27598
-1.85687	-133.465	-4.18872
1.10703	-130.599	-4.10145
-1.59579	-133.713	-4.01419
-5.30264	-135.518	-3.92692
-8.83803	-137.64	-3.83966
-7.03316	-133.933	-3.92692
-4.91207	-130.397	-3.83966
-6.71694	-134.104	-3.92692
-10.2523	-136.226	-4.01419
-12.6735	-139.563	-4.10145
-16.5236	-141.038	-4.18872
-20.4876	-142.173	-4.10145
-23.1904	-145.286	-4.01419
-19.4836	-143.481	-4.10145
-16.7808	-140.367	-4.18872
-19.7447	-143.233	-4.27598
-15.6969	-142.449	-4.36325
-19.1135	-144.757	-4.45052
-14.9909	-144.687	-4.53778
-10.878	-144.977	-4.45052
-6.75552	-144.908	-4.53778
-10.8684	-144.618	-4.45052
-14.9909	-144.687	-4.53778
-18.7564	-146.367	-4.62505
-14.6844	-147.014	-4.53778
-10.5715	-147.304	-4.62505
-6.49952	-147.952	-4.71231
-10.4996	-146.952	-4.79958
-14.3973	-145.607	-4.88684
-10.2845	-145.317	-4.79958
-6.21259	-144.669	-4.88684
-2.44687	-146.348	-4.97411
1.67566	-146.417	-5.06137
-1.74129	-144.109	-4.97411
-5.34634	-142.109	-5.06137
-1.24551	-142.537	-4.97411
-4.85056	-140.536	-4.88684
-8.96342	-140.826	-4.97411
-13.0859	-140.757	-4.88684
-8.97309	-140.467	-4.79958
-13.045	-141.115	-4.88684
-17.1578	-141.405	-4.97411
-21.2804	-141.336	-4.88684
-17.1675	-141.046	-4.97411
-13.5625	-143.047	-4.88684
-17.3282	-141.367	-4.79958
-21.4001	-142.015	-4.88684
-17.6343	-143.694	-4.97411
-21.7569	-143.625	-5.06137
-25.1738	-141.318	-5.14864
-28.3766	-138.721	-5.2359
-32.3408	-137.588	-5.14864
-36.3888	-136.804	-5.06137
-39.8057	-134.496	-4.97411
-43.4108	-132.496	-5.06137
-47.5116	-132.068	-4.97411
-43.9065	-134.068	-4.88684
-39.7937	-133.778	-4.79958
-35.896	-135.122	-4.88684
-40.0088	-135.413	-4.79958
-36.1111	-136.757	-4.71231
-32.111	-137.757	-4.79958
-36.1829	-138.405	-4.88684
-32.4172	-140.084	-4.79958
-28.5194	-141.429	-4.88684
-32.6323	-141.719	-4.79958
-36.7042	-142.367	-4.88684
-32.5913	-142.077	-4.97411
-36.7138	-142.008	-4.88684
-32.601	-141.717	-4.97411
-28.4785	-141.786	-5.06137
-24.3776	-142.214	-5.14864
-21.1748	-144.811	-5.06137
-17.7578	-147.118	-4.97411
-21.8804	-147.049	-4.88684
-25.9932	-147.34	-4.97411
-30.1158	-147.271	-5.06137
-26.6988	-149.578	-5.14864
-30.7467	-148.794	-5.2359
-34.7109	-147.661	-5.32317
-38.5612	-146.186	-5.2359
-41.5256	-143.32	-5.32317
-38.8223	-146.433	-5.41043
-35.1152	-148.238	-5.32317
-37.8185	-145.125	-5.2359
-40.7828	-142.259	-5.32317
-43.4861	-139.146	-5.2359
-47.4503	-138.012	-5.14864
-50.6532	-135.416	-5.06137
-54.754	-134.988	-5.14864
-57.9568	-132.391	-5.2359
-60.9212	-129.525	-5.32317
-57.0709	-131	-5.2359
-61.0351	-129.867	-5.14864
-56.9872	-130.65	-5.06137
-61.088	-130.222	-4.97411
-64.693	-128.221	-4.88684
-60.5802	-127.931	-4.79958
-64.4779	-126.586	-4.88684
-68.2436	-124.907	-4.79958
-64.1717	-124.259	-4.71231
-68.1717	-125.26	-4.79958
-64.2739	-126.604	-4.88684
-60.5082	-128.283	-4.79958
-56.4363	-127.635	-4.88684
-52.6706	-129.314	-4.79958
-48.5987	-128.667	-4.88684
-52.3644	-126.987	-4.97411
-48.2419	-127.056	-5.06137
-44.1411	-127.485	-4.97411
-40.536	-129.485	-5.06137
-44.6369	-129.057	-4.97411
-40.5143	-129.126	-4.88684
-36.7486	-130.805	-4.79958
-32.8509	-132.15	-4.88684
-36.6166	-130.471	-4.79958
-32.5447	-129.823	-4.71231
-28.5448	-128.823	-4.79958
-24.6471	-130.167	-4.71231
-28.6472	-129.168	-4.79958
-32.5449	-127.823	-4.71231
-28.5448	-128.823	-4.62505
-32.6168	-128.175	-4.53778
-28.5039	-128.465	-4.62505
-24.4319	-129.113	-4.53778
-20.319	-129.402	-4.62505
-24.391	-128.755	-4.71231
-20.3911	-127.755	-4.79958
-16.4933	-129.099	-4.88684
-12.7276	-130.779	-4.79958
-16.6253	-129.434	-4.71231
-12.6253	-130.434	-4.79958
-16.6972	-131.082	-4.71231
-12.6972	-130.081	-4.62505
-8.62525	-130.729	-4.53778
-12.3907	-132.408	-4.62505
-8.31872	-133.055	-4.53778
-4.20581	-133.345	-4.62505
-0.308296	-132	-4.53778
3.45716	-130.321	-4.45052
-0.147576	-132.322	-4.36325
3.26901	-130.014	-4.27598
7.3168	-129.23	-4.18872
11.2808	-128.095	-4.10145
13.9836	-124.982	-4.01419
11.5625	-128.319	-3.92692
13.6836	-124.783	-3.83966
10.3465	-127.205	-3.92692
12.4676	-123.669	-4.01419
10.0464	-127.007	-4.10145
6.19636	-128.482	-4.01419
2.48952	-130.287	-4.10145
6.3396	-128.812	-4.01419
2.63276	-130.617	-3.92692
6.16815	-128.496	-4.01419
8.58932	-125.158	-4.10145
12.4394	-123.683	-4.01419
8.73255	-125.488	-4.10145
6.02974	-128.602	-4.18872
9.99376	-127.468	-4.10145
12.6966	-124.354	-4.01419
16.4034	-122.549	-3.92692
18.5245	-119.013	-3.83966
20.3294	-115.306	-3.92692
23.8648	-113.184	-3.83966
25.6696	-109.477	-3.92692
23.5485	-113.013	-3.83966
26.8856	-110.591	-3.92692
29.0067	-107.056	-3.83966
30.8115	-103.349	-3.75239
33.9248	-100.645	-3.83966
35.7297	-96.9384	-3.75239
38.843	-94.2352	-3.83966
40.6479	-90.5281	-3.75239
42.1228	-86.6778	-3.66513
39.2569	-89.6421	-3.57786
38.473	-93.69	-3.66513
37.3393	-97.6541	-3.75239
34.226	-100.357	-3.83966
30.8889	-102.779	-3.92692
27.3535	-104.901	-4.01419
31.0604	-103.095	-4.10145
27.2103	-104.571	-4.01419
30.9172	-102.765	-3.92692
28.7961	-106.301	-4.01419
25.0892	-108.106	-4.10145
28.9393	-106.631	-4.01419
31.3605	-103.293	-3.92692
33.4816	-99.7578	-3.83966
36.8186	-97.3362	-3.75239
33.7053	-100.039	-3.66513
30.8395	-103.004	-3.75239
33.9528	-100.3	-3.83966
30.6157	-102.722	-3.92692
28.4946	-106.258	-4.01419
32.2015	-104.452	-3.92692
28.6661	-106.574	-3.83966
26.8612	-110.281	-3.92692
23.3258	-112.403	-3.83966
19.9888	-114.824	-3.92692
23.5242	-112.703	-4.01419
19.8173	-114.508	-3.92692
16.2819	-116.63	-4.01419
19.9888	-114.824	-3.92692
22.1099	-111.289	-3.83966
23.9147	-107.581	-3.92692
26.0358	-104.046	-4.01419
28.457	-100.708	-3.92692
30.5781	-97.1727	-3.83966
28.7732	-100.88	-3.92692
32.3086	-98.7583	-4.01419
28.6018	-100.564	-4.10145
25.8989	-103.677	-4.01419
23.4778	-107.015	-3.92692
21.3567	-110.55	-3.83966
18.0196	-112.972	-3.75239
14.9064	-115.675	-3.83966
18.2434	-113.254	-3.92692
20.3645	-109.718	-3.83966
18.5596	-113.425	-3.75239
17.0847	-117.275	-3.66513
15.951	-121.239	-3.75239
12.8377	-123.943	-3.66513
15.7035	-120.978	-3.57786
16.4875	-116.93	-3.4906
16.0593	-121.031	-3.57786
15.2754	-125.079	-3.4906
17.583	-121.662	-3.40333
15.582	-125.267	-3.4906
16.0101	-121.166	-3.40333
16.0792	-117.044	-3.31607
14.4	-120.81	-3.40333
16.401	-117.205	-3.31607
16.1106	-113.092	-3.40333
16.0415	-117.214	-3.4906
15.6133	-121.315	-3.57786
13.0167	-124.518	-3.4906
12.5886	-128.619	-3.40333
10.5876	-132.224	-3.31607
10.2971	-128.111	-3.40333
12.2981	-124.506	-3.4906
9.99057	-127.923	-3.40333
10.0597	-123.8	-3.31607
10.3501	-127.913	-3.40333
8.34913	-131.518	-3.4906
7.92098	-135.619	-3.57786
8.7049	-131.571	-3.4906
8.27675	-135.672	-3.57786
5.68017	-138.875	-3.66513
8.54601	-135.91	-3.57786
9.32993	-131.862	-3.66513
6.46409	-134.827	-3.57786
9.06068	-131.624	-3.66513
11.9265	-128.66	-3.75239
8.81323	-131.363	-3.83966
7.00836	-135.07	-3.75239
8.48328	-131.22	-3.83966
11.8203	-128.798	-3.75239
8.70703	-131.501	-3.83966
10.5119	-127.794	-3.92692
6.9765	-129.916	-3.83966
10.3135	-127.494	-3.92692
8.19245	-131.03	-4.01419
5.77129	-134.367	-3.92692
9.30668	-132.246	-4.01419
6.88552	-135.583	-4.10145
10.7356	-134.108	-4.01419
14.4424	-132.302	-3.92692
12.3214	-135.838	-4.01419
8.61451	-137.643	-3.92692
10.7356	-134.108	-4.01419
13.1568	-130.77	-3.92692
11.0357	-134.306	-3.83966
9.23081	-138.013	-3.92692
12.7662	-135.891	-3.83966
16.1032	-133.47	-3.92692
13.9822	-137.005	-4.01419
11.561	-140.343	-3.92692
9.4399	-143.878	-3.83966
11.2448	-140.171	-3.75239
8.13148	-142.875	-3.83966
4.79444	-145.296	-3.92692
1.25905	-147.418	-4.01419
3.68021	-144.08	-3.92692
5.8013	-140.545	-4.01419
3.38014	-143.882	-4.10145
6.08295	-140.768	-4.18872
2.11893	-141.903	-4.27598
5.32136	-139.306	-4.36325
1.90478	-141.614	-4.27598
-1.29765	-144.211	-4.18872
1.66625	-141.345	-4.10145
-2.18383	-142.82	-4.01419
-5.89068	-144.625	-4.10145
-2.04059	-143.15	-4.01419
1.66625	-141.345	-3.92692
-0.454838	-144.88	-3.83966
2.8822	-142.459	-3.92692
5.00329	-138.923	-4.01419
8.71013	-137.118	-4.10145
12.5602	-135.642	-4.18872
16.5242	-134.508	-4.10145
20.3743	-133.032	-4.01419
17.9532	-136.37	-4.10145
21.8032	-134.894	-4.01419
25.5101	-133.089	-3.92692
21.9747	-135.211	-3.83966
20.1698	-138.918	-3.92692
16.6344	-141.039	-4.01419
20.3413	-139.234	-3.92692
18.2202	-142.77	-4.01419
15.799	-146.107	-3.92692
19.3344	-143.985	-4.01419
21.7556	-140.648	-4.10145
25.6057	-139.173	-4.01419
21.8988	-140.978	-4.10145
19.196	-144.092	-4.01419
21.6172	-140.754	-4.10145
18.9143	-143.868	-4.01419
16.4932	-147.205	-4.10145
20.3433	-145.73	-4.01419
17.9221	-149.067	-4.10145
21.7722	-147.592	-4.18872
25.7362	-146.457	-4.10145
29.5863	-144.982	-4.18872
33.5503	-143.848	-4.27598
36.7527	-141.251	-4.36325
40.8535	-140.822	-4.27598
36.8057	-141.607	-4.18872
39.7696	-138.74	-4.27598
35.7218	-139.525	-4.36325
39.8226	-139.096	-4.45052
35.7001	-139.166	-4.53778
39.813	-139.456	-4.62505
35.9154	-140.801	-4.71231
39.9155	-141.8	-4.62505
43.813	-140.455	-4.71231
39.8131	-141.456	-4.62505
43.8851	-142.103	-4.53778
40.1196	-143.783	-4.45052
36.5149	-145.784	-4.53778
40.2804	-144.104	-4.45052
44.4029	-144.035	-4.53778
40.6374	-145.714	-4.45052
44.7599	-145.645	-4.36325
48.8607	-145.216	-4.27598
52.9085	-144.432	-4.36325
48.8077	-144.86	-4.45052
45.203	-146.862	-4.53778
49.3159	-147.152	-4.62505
45.4184	-148.497	-4.71231
41.4183	-147.497	-4.62505
45.4903	-148.144	-4.71231
49.4904	-149.144	-4.79958
45.4185	-149.792	-4.71231
49.4186	-150.792	-4.79958
45.5208	-149.447	-4.71231
49.5208	-148.447	-4.62505
45.6232	-149.792	-4.71231
41.6233	-150.792	-4.62505
37.7258	-152.137	-4.53778
33.9603	-153.817	-4.62505
29.8884	-153.17	-4.53778
34.0013	-153.46	-4.45052
29.8787	-153.529	-4.36325
26.4622	-155.837	-4.27598
30.5099	-155.053	-4.36325
33.9265	-152.745	-4.45052
29.804	-152.815	-4.36325
26.3874	-155.123	-4.27598
23.185	-157.72	-4.36325
19.0842	-158.148	-4.45052
22.689	-156.147	-4.53778
26.8019	-156.437	-4.45052
30.9244	-156.367	-4.36325
34.341	-154.059	-4.45052
30.2185	-154.129	-4.36325
33.635	-151.821	-4.27598
36.8375	-149.224	-4.36325
32.7367	-149.652	-4.45052
36.8592	-149.583	-4.53778
33.0938	-151.262	-4.62505
29.1963	-152.607	-4.53778
25.4308	-154.287	-4.45052
29.5533	-154.218	-4.53778
25.7879	-155.897	-4.45052
21.6653	-155.967	-4.53778
17.8999	-157.647	-4.45052
13.7774	-157.716	-4.53778
9.66447	-157.426	-4.62505
5.76695	-158.771	-4.71231
9.76703	-159.771	-4.79958
5.8693	-158.427	-4.88684
9.63502	-160.106	-4.97411
13.7575	-160.175	-4.88684
9.99183	-158.496	-4.79958
5.91995	-159.144	-4.71231
1.91987	-158.144	-4.62505
5.99185	-158.791	-4.71231
9.99193	-159.791	-4.62505
13.8894	-158.446	-4.53778
17.6549	-156.766	-4.45052
13.5324	-156.836	-4.36325
9.43163	-157.264	-4.27598
13.4794	-156.48	-4.36325
9.37866	-156.909	-4.27598
13.4265	-156.124	-4.18872
10.4626	-158.99	-4.27598
6.41476	-159.775	-4.36325
10.5155	-159.346	-4.45052
14.638	-159.276	-4.53778
18.7509	-159.566	-4.45052
15.1462	-161.568	-4.36325
18.5628	-159.26	-4.45052
14.4403	-159.329	-4.53778
18.5532	-159.619	-4.62505
22.6252	-160.267	-4.53778
26.7381	-160.557	-4.45052
30.8606	-160.487	-4.53778
27.0951	-162.167	-4.45052
30.6999	-160.165	-4.36325
34.8006	-159.736	-4.45052
38.9231	-159.667	-4.53778
43.036	-159.957	-4.45052
47.1585	-159.887	-4.53778
43.0456	-159.597	-4.45052
39.4409	-161.599	-4.36325
43.5417	-161.17	-4.45052
39.4192	-161.239	-4.36325
36.0026	-163.548	-4.45052
39.6073	-161.546	-4.53778
35.8419	-163.226	-4.45052
32.2371	-165.227	-4.36325
35.6537	-162.919	-4.45052
39.7762	-162.85	-4.36325
43.1928	-160.542	-4.45052
39.0703	-160.611	-4.36325
34.9695	-161.04	-4.27598
39.0173	-160.255	-4.36325
34.9166	-160.684	-4.27598
38.9643	-159.9	-4.36325
43.0651	-159.471	-4.45052
46.6698	-157.469	-4.36325
43.2533	-159.777	-4.27598
40.0508	-162.375	-4.18872
43.0147	-159.508	-4.27598
47.0625	-158.724	-4.36325
43.6459	-161.032	-4.27598
47.6937	-160.247	-4.18872
44.7298	-163.114	-4.27598
41.5274	-165.711	-4.18872
38.5635	-168.577	-4.27598
41.7659	-165.98	-4.36325
45.8667	-165.551	-4.27598
42.6643	-168.148	-4.18872
39.7004	-171.014	-4.27598
42.9028	-168.417	-4.18872
38.9388	-169.552	-4.27598
42.1412	-166.955	-4.18872
45.1051	-164.088	-4.10145
41.255	-165.564	-4.18872
44.2189	-162.698	-4.27598
47.4213	-160.101	-4.18872
44.4574	-162.967	-4.10145
47.1603	-159.853	-4.18872
51.1243	-158.719	-4.10145
54.9744	-157.243	-4.18872
51.0103	-158.378	-4.10145
54.8604	-156.902	-4.18872
57.8243	-154.036	-4.27598
53.7765	-154.821	-4.36325
57.1931	-152.513	-4.45052
53.0706	-152.582	-4.53778
56.8361	-150.902	-4.45052
53.2313	-152.904	-4.36325
49.8147	-155.212	-4.45052
46.21	-157.213	-4.53778
42.4446	-158.893	-4.45052
46.0493	-156.892	-4.36325
50.15	-156.463	-4.45052
46.0275	-156.533	-4.53778
41.9146	-156.243	-4.62505
45.9866	-156.89	-4.71231
41.9865	-155.89	-4.62505
37.9145	-155.243	-4.53778
33.8016	-154.953	-4.45052
37.4064	-152.952	-4.36325
33.9898	-155.26	-4.27598
38.0376	-154.475	-4.18872
34.0736	-155.61	-4.10145
37.9237	-154.134	-4.01419
41.6305	-152.329	-4.10145
44.3333	-149.215	-4.01419
46.7545	-145.878	-3.92692
50.2899	-143.756	-3.83966
48.485	-147.463	-3.92692
50.6061	-143.928	-4.01419
48.1849	-147.265	-3.92692
46.0638	-150.801	-3.83966
49.4009	-148.379	-3.92692
51.522	-144.843	-4.01419
49.1008	-148.181	-3.92692
46.9797	-151.716	-3.83966
43.6427	-154.138	-3.75239
40.5294	-156.841	-3.83966
37.1924	-159.263	-3.92692
39.3134	-155.727	-3.83966
41.1183	-152.02	-3.75239
44.2316	-149.317	-3.83966
46.0365	-145.61	-3.92692
49.5719	-143.488	-4.01419
47.1507	-146.826	-4.10145
43.3006	-148.301	-4.18872
46.2645	-145.435	-4.27598
43.0621	-148.032	-4.18872
39.0981	-149.166	-4.27598
42.3005	-146.569	-4.36325
45.7171	-144.261	-4.45052
41.5945	-144.331	-4.36325
45.0111	-142.023	-4.27598
40.9633	-142.807	-4.36325
37.5468	-145.115	-4.27598
33.499	-145.9	-4.36325
36.9155	-143.592	-4.45052
41.0381	-143.522	-4.53778
44.8035	-141.842	-4.45052
40.681	-141.912	-4.36325
44.0976	-139.604	-4.27598
47.3	-137.007	-4.36325
50.7166	-134.699	-4.45052
47.1119	-136.7	-4.36325
43.0111	-137.129	-4.27598
39.8087	-139.726	-4.18872
36.8448	-142.592	-4.10145
32.9947	-144.068	-4.18872
36.9587	-142.933	-4.27598
33.7563	-145.53	-4.36325
37.1729	-143.222	-4.27598
33.1251	-144.007	-4.36325
29.7085	-146.315	-4.27598
32.9109	-143.718	-4.36325
37.0117	-143.289	-4.27598
40.2141	-140.692	-4.36325
44.3149	-140.263	-4.27598
48.3627	-139.479	-4.36325
51.7792	-137.171	-4.27598
55.827	-136.386	-4.18872
51.863	-137.521	-4.10145
55.7131	-136.045	-4.18872
58.677	-133.179	-4.10145
55.9742	-136.293	-4.18872
53.0103	-139.159	-4.27598
48.9625	-139.943	-4.18872
44.9985	-141.078	-4.27598
41.796	-143.675	-4.36325
45.8968	-143.246	-4.27598
49.9446	-142.462	-4.18872
45.9806	-143.596	-4.27598
49.183	-140.999	-4.36325
45.0822	-141.427	-4.27598
48.2847	-138.83	-4.18872
45.3208	-141.697	-4.10145
41.4707	-143.172	-4.18872
37.5066	-144.306	-4.10145
40.2095	-141.193	-4.18872
43.1734	-138.326	-4.27598
39.9709	-140.923	-4.18872
42.9348	-138.057	-4.27598
38.887	-138.842	-4.18872
41.8509	-135.975	-4.27598
45.8987	-135.191	-4.18872
48.8626	-132.325	-4.10145
51.5655	-129.211	-4.01419
49.1443	-132.548	-4.10145
52.9944	-131.073	-4.01419
55.4155	-127.736	-4.10145
51.5655	-129.211	-4.01419
49.1443	-132.548	-4.10145
46.4415	-135.662	-4.18872
43.4776	-138.528	-4.27598
39.4298	-139.313	-4.18872
43.3938	-138.179	-4.10145
46.0966	-135.065	-4.01419
49.8035	-133.26	-4.10145
47.1006	-136.373	-4.18872
50.0645	-133.507	-4.27598
46.8621	-136.104	-4.18872
50.8261	-134.97	-4.27598
46.7783	-135.754	-4.36325
42.6776	-136.183	-4.27598
39.4752	-138.78	-4.36325
42.8917	-136.472	-4.45052
39.287	-138.473	-4.53778
43.3999	-138.763	-4.45052
39.2774	-138.833	-4.36325
35.8608	-141.141	-4.45052
39.4655	-139.139	-4.36325
36.049	-141.447	-4.27598
40.0968	-140.663	-4.36325
43.5133	-138.355	-4.45052
39.3908	-138.425	-4.53778
43.5037	-138.715	-4.62505
47.4012	-137.369	-4.53778
43.2883	-137.08	-4.62505
39.3908	-138.425	-4.71231
35.3909	-139.425	-4.79958
31.319	-140.073	-4.71231
27.3189	-139.073	-4.62505
31.2165	-137.728	-4.53778
35.3294	-138.018	-4.45052
38.9341	-136.017	-4.36325
42.3507	-133.708	-4.27598
38.3029	-134.493	-4.36325
34.8863	-136.801	-4.45052
30.7638	-136.871	-4.36325
27.3472	-139.179	-4.27598
23.2994	-139.963	-4.18872
19.3354	-141.097	-4.27598
23.3832	-140.313	-4.36325
19.9666	-142.621	-4.45052
15.8441	-142.691	-4.53778
12.0786	-144.37	-4.62505
8.00664	-143.723	-4.71231
12.0067	-144.723	-4.79958
15.9045	-146.067	-4.71231
11.9044	-145.068	-4.79958
8.00664	-143.723	-4.71231
4.00656	-142.723	-4.79958
7.9043	-144.068	-4.88684
12.0172	-143.777	-4.97411
15.6222	-145.778	-4.88684
19.7351	-145.488	-4.97411
23.8576	-145.557	-5.06137
20.4406	-143.249	-4.97411
16.8356	-141.248	-5.06137
13.4186	-138.941	-4.97411
9.81359	-136.94	-4.88684
13.9264	-136.649	-4.79958
17.8242	-137.994	-4.88684
21.5899	-139.673	-4.79958
25.6618	-139.025	-4.71231
21.6619	-140.025	-4.79958
17.7641	-138.681	-4.71231
21.7642	-139.681	-4.79958
17.8665	-138.336	-4.88684
13.7536	-138.627	-4.97411
17.3587	-140.627	-4.88684
13.593	-138.948	-4.97411
17.7155	-139.017	-5.06137
21.8163	-139.445	-4.97411
17.6938	-139.376	-5.06137
14.2768	-137.069	-5.14864
17.4797	-139.665	-5.2359
14.5153	-136.8	-5.32317
18.3656	-138.274	-5.2359
15.4013	-135.409	-5.32317
18.1046	-138.522	-5.41043
14.3975	-136.717	-5.4977
17.9332	-138.838	-5.58496
19.7386	-142.545	-5.4977
16.2029	-140.424	-5.58496
18.0084	-144.131	-5.67223
14.8947	-141.428	-5.58496
16.7001	-145.135	-5.4977
18.8217	-148.67	-5.58496
22.1592	-151.091	-5.67223
19.0455	-148.388	-5.58496
20.8509	-152.095	-5.67223
22.3264	-155.945	-5.75949
19.4601	-152.981	-5.67223
20.9356	-156.832	-5.58496
24.2731	-159.253	-5.4977
22.1514	-155.717	-5.58496
20.346	-152.01	-5.4977
22.4676	-155.546	-5.58496
20.6622	-151.839	-5.67223
22.1377	-155.689	-5.75949
23.272	-159.653	-5.84676
24.0566	-163.701	-5.75949
22.9222	-159.737	-5.67223
21.4467	-155.887	-5.75949
18.5804	-152.923	-5.84676
19.365	-156.971	-5.93402
18.9362	-152.87	-6.02129
18.8664	-148.747	-5.93402
19.2952	-152.848	-6.02129
17.2936	-149.244	-5.93402
16.8648	-145.143	-5.84676
14.2677	-141.94	-5.93402
11.9596	-138.524	-6.02129
9.95806	-134.919	-5.93402
10.3869	-139.02	-5.84676
12.984	-142.222	-5.75949
10.1176	-139.259	-5.84676
7.52055	-136.056	-5.93402
9.82866	-139.473	-6.02129
9.75889	-135.35	-6.10855
9.4691	-139.463	-6.19582
8.12388	-135.566	-6.10855
9.80366	-139.331	-6.02129
9.7339	-135.208	-5.93402
10.1627	-139.309	-6.02129
10.2325	-143.432	-6.10855
8.55267	-139.666	-6.19582
9.19982	-135.594	-6.28308
10.2002	-139.594	-6.37035
8.85584	-143.492	-6.45761
10.5348	-139.726	-6.54488
8.53403	-143.331	-6.45761
10.213	-139.566	-6.54488
8.21222	-143.171	-6.45761
9.89121	-139.405	-6.37035
8.54681	-143.303	-6.45761
8.25615	-139.19	-6.37035
6.91175	-143.088	-6.28308
7.91132	-139.087	-6.19582
8.55847	-135.015	-6.28308
9.55889	-139.015	-6.37035
10.2069	-143.087	-6.28308
9.20648	-139.087	-6.37035
7.86208	-142.985	-6.45761
6.18308	-146.751	-6.54488
4.18228	-150.356	-6.45761
3.89162	-146.243	-6.54488
1.89081	-149.848	-6.63214
2.31874	-145.747	-6.71941
3.10245	-141.699	-6.80667
5.96814	-138.735	-6.71941
5.18443	-142.783	-6.80667
8.05012	-139.819	-6.71941
10.6465	-136.616	-6.63214
8.33914	-140.033	-6.71941
10.9356	-136.83	-6.63214
8.62817	-140.247	-6.71941
7.84446	-144.295	-6.63214
5.53707	-147.712	-6.54488
5.46817	-151.834	-6.63214
5.04024	-155.935	-6.71941
2.44382	-159.138	-6.63214
0.136425	-162.555	-6.54488
-1.86438	-166.16	-6.45761
-1.57372	-170.273	-6.37035
-2.91812	-174.171	-6.45761
-2.62746	-178.284	-6.37035
-1.97946	-182.355	-6.28308
-0.979035	-186.355	-6.19582
-0.331886	-182.283	-6.10855
-2.01167	-178.518	-6.02129
-1.94191	-182.64	-5.93402
0.366207	-186.057	-6.02129
-1.63536	-182.452	-6.10855
-3.31514	-178.687	-6.02129
-3.24538	-182.809	-6.10855
-1.56559	-186.575	-6.19582
-0.22037	-190.472	-6.10855
-0.510164	-194.585	-6.19582
-1.15731	-198.657	-6.10855
-0.867519	-194.544	-6.19582
-0.22037	-190.472	-6.10855
-1.90016	-186.707	-6.02129
0.10141	-190.312	-5.93402
0.530206	-194.412	-6.02129
-1.47136	-190.808	-6.10855
-1.76115	-194.92	-6.19582
-1.114	-190.848	-6.10855
-1.4038	-194.961	-6.19582
-0.0585765	-198.859	-6.10855
1.62121	-202.624	-6.02129
3.62278	-206.229	-6.10855
5.30256	-209.994	-6.19582
4.65541	-214.066	-6.28308
3.65499	-210.066	-6.37035
4.303	-214.138	-6.45761
4.01234	-210.026	-6.54488
6.01314	-206.42	-6.63214
8.32054	-203.003	-6.54488
8.25164	-207.126	-6.63214
8.67957	-203.025	-6.54488
8.74847	-198.903	-6.63214
9.1764	-194.802	-6.71941
9.96011	-190.754	-6.63214
9.53218	-194.855	-6.54488
7.53137	-198.46	-6.63214
7.10344	-202.561	-6.71941
9.69986	-199.358	-6.80667
12.5655	-196.393	-6.71941
15.162	-193.19	-6.80667
18.0277	-190.226	-6.89394
14.9145	-192.929	-6.9812
13.1098	-196.636	-6.89394
14.5845	-192.786	-6.80667
15.7181	-188.822	-6.89394
17.1928	-184.972	-6.9812
20.5297	-182.55	-7.06847
18.4088	-186.086	-7.15573
15.9878	-189.423	-7.06847
13.8669	-192.959	-7.15573
11.4459	-196.296	-7.243
7.5959	-197.772	-7.33026
11.5599	-196.637	-7.41753
14.7622	-194.04	-7.50479
10.6614	-194.469	-7.59206
6.5389	-194.539	-7.67932
2.42599	-194.249	-7.59206
-1.17864	-196.251	-7.50479
-4.5951	-198.559	-7.59206
-8.71762	-198.629	-7.50479
-5.30116	-196.321	-7.41753
-9.34891	-197.106	-7.33026
-6.38516	-194.239	-7.243
-3.68251	-191.125	-7.15573
-7.38925	-192.931	-7.06847
-10.9245	-195.053	-7.15573
-14.6313	-196.858	-7.06847
-11.096	-194.736	-6.9812
-12.9007	-198.444	-6.89394
-9.78753	-195.74	-6.9812
-6.45062	-193.318	-6.89394
-4.97591	-189.468	-6.80667
-3.84239	-185.504	-6.89394
-5.3171	-189.354	-6.9812
-1.98018	-186.932	-7.06847
1.5551	-184.811	-6.9812
3.35977	-181.104	-7.06847
-0.175512	-183.225	-7.15573
3.53124	-181.42	-7.06847
7.06652	-179.298	-7.15573
9.48751	-175.961	-7.06847
13.0228	-173.839	-7.15573
9.31604	-175.644	-7.06847
12.8513	-173.523	-6.9812
16.1882	-171.101	-7.06847
14.0673	-174.637	-7.15573
17.7741	-172.831	-7.243
13.9241	-174.307	-7.33026
17.888	-173.172	-7.243
14.038	-174.648	-7.33026
18.002	-173.513	-7.41753
14.7997	-176.111	-7.33026
10.8357	-177.245	-7.41753
14.8835	-176.46	-7.33026
10.9195	-177.595	-7.243
7.06953	-179.07	-7.33026
11.0335	-177.936	-7.41753
15.0812	-177.151	-7.50479
18.4977	-174.843	-7.59206
14.3752	-174.913	-7.50479
17.7917	-172.605	-7.59206
21.3963	-170.603	-7.50479
24.8127	-168.295	-7.59206
28.4174	-166.293	-7.67932
32.1827	-164.613	-7.59206
35.7874	-162.612	-7.50479
32.3709	-164.92	-7.59206
28.7663	-166.922	-7.67932
24.6534	-166.632	-7.59206
21.0487	-168.634	-7.67932
24.8141	-166.954	-7.59206
28.4187	-164.952	-7.50479
32.5195	-164.523	-7.41753
35.7218	-161.926	-7.33026
38.6855	-159.06	-7.41753
41.8878	-156.462	-7.50479
37.7871	-156.891	-7.59206
41.3917	-154.89	-7.50479
37.2909	-155.318	-7.41753
34.0887	-157.916	-7.50479
29.9879	-158.345	-7.41753
34.0357	-157.56	-7.50479
37.4521	-155.252	-7.59206
33.8475	-157.253	-7.67932
30.0821	-158.933	-7.76659
26.1847	-160.279	-7.67932
22.4193	-161.958	-7.59206
26.024	-159.957	-7.50479
22.6075	-162.265	-7.59206
19.0029	-164.267	-7.67932
15.2375	-165.947	-7.59206
19.36	-165.877	-7.67932
15.2471	-165.587	-7.76659
19.3191	-166.234	-7.67932
15.2062	-165.944	-7.59206
11.6016	-167.946	-7.50479
15.7023	-167.517	-7.59206
12.0977	-169.519	-7.67932
8.33231	-171.199	-7.76659
4.26029	-170.552	-7.85385
8.26016	-169.551	-7.76659
12.1576	-168.206	-7.85385
8.15747	-167.206	-7.76659
12.2295	-167.853	-7.67932
15.9949	-166.173	-7.59206
19.5995	-164.172	-7.67932
23.7124	-164.461	-7.59206
27.317	-162.46	-7.50479
23.9006	-164.768	-7.41753
20.6983	-167.365	-7.33026
23.662	-164.499	-7.41753
20.4597	-167.096	-7.33026
17.496	-169.962	-7.243
20.1986	-166.849	-7.33026
24.1626	-165.714	-7.243
20.3126	-167.19	-7.33026
23.2764	-164.323	-7.41753
27.3241	-163.539	-7.50479
30.7406	-161.23	-7.41753
34.7883	-160.446	-7.33026
30.8244	-161.58	-7.243
33.527	-158.466	-7.33026
30.5633	-161.333	-7.41753
27.361	-163.93	-7.50479
30.7774	-161.622	-7.41753
34.8252	-160.837	-7.50479
38.9259	-160.408	-7.59206
34.8034	-160.478	-7.67932
38.5688	-158.798	-7.59206
42.1734	-156.797	-7.67932
46.2863	-157.086	-7.59206
42.1638	-157.156	-7.67932
46.2767	-157.446	-7.76659
42.3793	-158.791	-7.67932
46.4922	-159.081	-7.76659
50.5642	-159.728	-7.85385
46.5643	-160.728	-7.94112
42.4925	-161.377	-8.02838
38.7267	-159.698	-7.94112
42.7985	-159.05	-7.85385
46.7984	-158.049	-7.76659
50.6958	-156.704	-7.67932
46.9305	-158.384	-7.76659
50.8279	-157.038	-7.85385
54.8278	-156.038	-7.76659
58.8998	-156.685	-7.85385
62.8999	-157.684	-7.76659
59.0025	-159.03	-7.85385
63.0026	-160.029	-7.76659
67.0746	-160.676	-7.67932
71.1876	-160.966	-7.76659
67.1155	-160.319	-7.67932
70.8809	-158.639	-7.76659
66.8089	-157.992	-7.85385
70.8088	-156.991	-7.76659
66.9113	-158.337	-7.67932
70.6767	-156.657	-7.76659
66.6047	-156.01	-7.85385
70.6045	-155.009	-7.94112
66.7067	-153.665	-8.02838
70.8196	-153.374	-7.94112
66.9218	-152.03	-8.02838
71.0346	-151.739	-7.94112
75.1065	-151.091	-8.02838
78.8723	-152.77	-7.94112
74.8004	-153.418	-7.85385
78.8005	-154.417	-7.76659
82.8726	-155.064	-7.67932
86.6379	-153.385	-7.59206
90.7604	-153.315	-7.67932
94.8734	-153.604	-7.59206
91.2687	-155.606	-7.67932
87.5034	-157.286	-7.76659
91.4008	-155.941	-7.85385
87.4009	-156.941	-7.76659
83.3289	-156.294	-7.67932
79.5636	-157.974	-7.76659
83.6356	-158.621	-7.85385
87.6357	-159.62	-7.76659
83.5637	-158.973	-7.85385
87.5638	-159.973	-7.76659
83.6664	-161.318	-7.85385
87.6662	-160.318	-7.94112
83.5944	-160.966	-8.02838
87.3602	-162.645	-8.11565
83.755	-160.644	-8.20291
87.1721	-162.951	-8.11565
83.567	-160.951	-8.20291
87.6678	-161.378	-8.11565
91.273	-163.379	-8.20291
87.1721	-162.951	-8.11565
83.567	-160.951	-8.02838
87.6798	-160.66	-7.94112
83.782	-159.315	-8.02838
87.8948	-159.025	-7.94112
91.9667	-158.377	-7.85385
87.9666	-157.377	-7.94112
83.8947	-158.025	-8.02838
79.7819	-158.316	-7.94112
83.6797	-159.66	-8.02838
87.7925	-159.37	-7.94112
91.6903	-160.714	-7.85385
95.6904	-161.713	-7.76659
99.5879	-160.368	-7.85385
95.588	-161.369	-7.76659
99.4855	-160.023	-7.67932
103.598	-160.313	-7.76659
99.7009	-161.658	-7.85385
103.701	-160.658	-7.94112
99.803	-159.313	-8.02838
103.569	-160.992	-8.11565
107.691	-161.061	-8.02838
103.579	-161.352	-7.94112
107.65	-160.704	-8.02838
103.538	-160.994	-8.11565
107.66	-161.063	-8.02838
111.426	-162.742	-8.11565
115.548	-162.811	-8.20291
111.448	-162.383	-8.11565
115.053	-164.384	-8.02838
118.819	-166.063	-7.94112
114.747	-166.711	-8.02838
110.981	-165.032	-8.11565
106.858	-164.963	-8.20291
103.441	-162.656	-8.11565
107.046	-164.657	-8.20291
102.946	-164.229	-8.29018
106.149	-166.825	-8.20291
102.048	-166.397	-8.11565
105.653	-168.398	-8.20291
102.236	-166.091	-8.11565
98.1132	-166.022	-8.20291
94.0124	-165.594	-8.11565
97.6175	-167.595	-8.20291
93.5167	-167.167	-8.29018
96.7197	-169.763	-8.20291
100.821	-170.191	-8.11565
104.943	-170.26	-8.02838
108.709	-171.939	-7.94112
112.607	-173.283	-8.02838
116.719	-172.992	-7.94112
112.648	-173.64	-8.02838
108.882	-171.962	-7.94112
104.984	-170.617	-7.85385
108.984	-169.617	-7.76659
113.056	-170.264	-7.67932
108.943	-169.974	-7.59206
113.066	-169.904	-7.50479
116.482	-167.596	-7.41753
119.684	-164.999	-7.50479
123.785	-164.57	-7.41753
119.737	-165.355	-7.33026
122.701	-162.488	-7.41753
126.749	-161.704	-7.50479
122.648	-162.132	-7.41753
125.85	-159.535	-7.33026
129.814	-158.401	-7.41753
133.862	-157.616	-7.33026
137.826	-156.482	-7.41753
141.874	-155.697	-7.50479
138.457	-158.005	-7.41753
142.505	-157.221	-7.33026
146.469	-156.086	-7.243
143.766	-159.2	-7.33026
146.73	-156.333	-7.243
144.027	-159.447	-7.15573
140.321	-161.253	-7.06847
142.442	-157.717	-6.9812
139.105	-160.139	-7.06847
142.64	-158.017	-7.15573
140.219	-161.355	-7.06847
143.754	-159.233	-7.15573
140.048	-161.038	-7.06847
143.583	-158.917	-6.9812
141.778	-162.624	-7.06847
138.243	-164.746	-6.9812
136.438	-168.453	-6.89394
133.325	-171.156	-6.80667
134.459	-167.192	-6.71941
133.675	-171.24	-6.63214
133.247	-175.341	-6.71941
135.843	-172.138	-6.80667
138.709	-169.173	-6.71941
139.493	-165.125	-6.80667
138.359	-169.09	-6.71941
135.763	-172.292	-6.80667
138.628	-169.328	-6.71941
136.032	-172.531	-6.63214
133.725	-175.948	-6.71941
136.321	-172.745	-6.63214
134.014	-176.162	-6.54488
133.945	-180.285	-6.63214
133.517	-184.385	-6.54488
131.516	-187.991	-6.45761
133.195	-184.225	-6.37035
134.539	-180.327	-6.28308
135.54	-184.327	-6.19582
136.885	-188.224	-6.10855
136.595	-192.337	-6.02129
134.594	-188.733	-5.93402
134.165	-184.632	-6.02129
136.166	-188.237	-5.93402
138.475	-191.653	-5.84676
135.877	-188.451	-5.75949
138.744	-191.415	-5.67223
137.268	-187.565	-5.58496
140.606	-189.986	-5.4977
144.141	-192.107	-5.41043
147.849	-193.911	-5.32317
151.699	-195.386	-5.2359
148.735	-192.52	-5.14864
151.937	-195.117	-5.2359
147.973	-193.983	-5.32317
151.823	-195.458	-5.2359
155.788	-196.592	-5.32317
158.491	-199.705	-5.2359
154.527	-198.571	-5.32317
151.823	-195.458	-5.2359
155.788	-196.592	-5.14864
151.74	-195.808	-5.2359
155.704	-196.942	-5.32317
158.407	-200.055	-5.41043
162.114	-201.86	-5.4977
165.65	-203.981	-5.41043
163.228	-200.644	-5.32317
159.378	-199.169	-5.2359
156.414	-196.303	-5.14864
153.211	-193.706	-5.06137
156.628	-196.014	-4.97411
153.023	-194.013	-5.06137
157.124	-194.441	-4.97411
153.519	-192.44	-5.06137
149.418	-192.012	-5.14864
152.621	-194.609	-5.2359
149.656	-191.743	-5.14864
152.859	-194.339	-5.2359
149.895	-191.474	-5.32317
147.191	-188.36	-5.2359
150.156	-191.226	-5.14864
146.108	-190.442	-5.06137
150.209	-190.87	-5.14864
154.257	-191.654	-5.06137
157.674	-193.962	-5.14864
153.626	-193.178	-5.2359
156.59	-196.044	-5.14864
159.793	-198.64	-5.06137
163.21	-200.948	-5.14864
159.162	-200.164	-5.2359
156.198	-197.298	-5.14864
152.995	-194.702	-5.06137
148.894	-194.273	-4.97411
152.499	-196.274	-5.06137
156.6	-196.702	-5.14864
153.397	-194.106	-5.2359
149.433	-192.972	-5.32317
153.283	-194.447	-5.41043
150.861	-191.11	-5.32317
148.158	-187.997	-5.41043
150.58	-191.334	-5.4977
154.115	-193.455	-5.41043
151.694	-190.118	-5.4977
155.229	-192.239	-5.58496
151.892	-189.818	-5.4977
149.77	-186.282	-5.41043
147.349	-182.946	-5.32317
150.052	-186.059	-5.2359
154.016	-187.192	-5.32317
150.166	-185.718	-5.41043
152.588	-189.055	-5.4977
154.709	-192.59	-5.41043
152.288	-189.253	-5.4977
155.823	-191.374	-5.41043
153.402	-188.037	-5.4977
151.28	-184.502	-5.41043
148.858	-181.165	-5.32317
152.709	-182.639	-5.41043
156.416	-184.444	-5.4977
154.294	-180.909	-5.41043
151.872	-177.572	-5.32317
154.576	-180.685	-5.2359
157.54	-183.551	-5.14864
160.743	-186.147	-5.06137
157.326	-183.84	-4.97411
153.203	-183.771	-5.06137
157.304	-184.199	-5.14864
154.101	-181.602	-5.06137
150.684	-179.295	-5.14864
147.482	-176.698	-5.2359
143.517	-175.565	-5.14864
147.565	-176.349	-5.2359
143.601	-175.215	-5.32317
140.898	-172.102	-5.2359
136.934	-170.968	-5.14864
140.136	-173.565	-5.2359
144.101	-174.698	-5.14864
147.303	-177.295	-5.06137
143.887	-174.987	-4.97411
140.281	-172.986	-4.88684
144.047	-174.665	-4.97411
139.925	-174.596	-4.88684
135.812	-174.887	-4.79958
131.914	-173.543	-4.71231
127.914	-172.543	-4.79958
131.812	-173.887	-4.71231
135.812	-174.887	-4.79958
131.914	-173.543	-4.71231
135.914	-172.542	-4.62505
139.812	-171.197	-4.71231
143.811	-170.197	-4.79958
147.883	-169.549	-4.71231
151.883	-168.549	-4.79958
147.811	-169.196	-4.88684
151.577	-170.876	-4.97411
155.182	-172.876	-4.88684
151.416	-171.197	-4.79958
147.345	-171.845	-4.88684
151.457	-171.555	-4.79958
155.529	-170.907	-4.88684
151.416	-171.197	-4.97411
147.294	-171.128	-4.88684
143.528	-169.449	-4.97411
139.923	-167.448	-4.88684
135.81	-167.739	-4.79958
131.913	-166.394	-4.71231
135.912	-165.394	-4.79958
139.81	-166.739	-4.88684
136.044	-165.059	-4.97411
132.439	-163.059	-5.06137
128.339	-162.631	-5.14864
132.386	-163.414	-5.06137
135.803	-165.722	-5.14864
139.006	-168.318	-5.06137
143.107	-168.746	-5.14864
139.904	-166.15	-5.2359
135.94	-165.016	-5.32317
132.09	-163.541	-5.2359
129.125	-160.676	-5.32317
126.422	-157.562	-5.41043
130.129	-159.367	-5.4977
126.593	-157.246	-5.41043
122.886	-155.441	-5.4977
120.765	-151.906	-5.58496
118.959	-148.199	-5.4977
116.838	-144.664	-5.58496
120.175	-147.085	-5.67223
123.289	-149.788	-5.75949
122.154	-145.824	-5.67223
120.679	-141.974	-5.58496
122.484	-145.681	-5.67223
119.371	-142.978	-5.58496
117.565	-139.271	-5.67223
120.679	-141.974	-5.58496
122.484	-145.681	-5.67223
125.598	-148.383	-5.75949
128.464	-151.347	-5.67223
131.578	-154.05	-5.75949
132.712	-158.014	-5.84676
133.497	-162.062	-5.75949
136.363	-165.025	-5.67223
137.839	-168.875	-5.58496
141.176	-171.297	-5.67223
144.29	-173.999	-5.58496
146.095	-177.706	-5.67223
142.982	-175.003	-5.75949
144.116	-178.967	-5.67223
142.641	-175.117	-5.75949
145.507	-178.081	-5.67223
144.031	-174.231	-5.75949
141.165	-171.267	-5.67223
144.279	-173.97	-5.58496
147.616	-176.391	-5.4977
149.738	-179.926	-5.41043
147.316	-176.589	-5.32317
150.019	-179.703	-5.41043
146.312	-177.898	-5.32317
143.609	-174.785	-5.2359
140.645	-171.919	-5.14864
137.442	-169.322	-5.2359
140.406	-172.188	-5.14864
144.454	-172.972	-5.06137
141.037	-170.665	-4.97411
136.915	-170.596	-4.88684
132.802	-170.886	-4.79958
128.73	-171.534	-4.71231
124.73	-170.534	-4.79958
128.627	-171.879	-4.88684
132.393	-173.558	-4.97411
136.516	-173.627	-5.06137
140.617	-174.055	-4.97411
144.222	-176.056	-4.88684
140.456	-174.377	-4.79958
144.528	-173.729	-4.88684
148.293	-175.408	-4.97411
151.899	-177.409	-4.88684
156.011	-177.118	-4.79958
159.909	-178.463	-4.88684
163.675	-180.142	-4.79958
159.777	-178.797	-4.71231
155.777	-179.798	-4.79958
151.879	-178.453	-4.71231
147.879	-177.453	-4.79958
143.808	-178.101	-4.71231
139.807	-177.102	-4.79958
135.91	-175.757	-4.71231
139.91	-174.757	-4.79958
136.012	-173.412	-4.88684
132.246	-171.733	-4.79958
128.348	-170.389	-4.88684
124.236	-170.679	-4.97411
127.841	-172.68	-5.06137
131.941	-173.108	-4.97411
127.819	-173.039	-5.06137
123.718	-172.611	-5.14864
126.921	-175.208	-5.06137
131.022	-175.636	-5.14864
126.974	-174.852	-5.2359
124.009	-171.986	-5.14864
128.057	-172.77	-5.06137
124.64	-170.463	-4.97411
128.246	-172.463	-4.88684
132.358	-172.173	-4.97411
128.236	-172.104	-5.06137
132.337	-172.532	-5.14864
136.385	-173.316	-5.2359
132.42	-172.182	-5.14864
136.468	-172.966	-5.06137
132.367	-172.538	-4.97411
128.762	-170.537	-5.06137
132.863	-170.965	-4.97411
136.468	-172.966	-5.06137
139.885	-175.273	-4.97411
136.28	-173.272	-4.88684
140.046	-174.952	-4.79958
143.944	-176.296	-4.88684
139.831	-176.587	-4.79958
143.903	-175.939	-4.71231
147.903	-174.938	-4.79958
151.8	-176.283	-4.71231
155.8	-175.283	-4.62505
159.698	-173.937	-4.53778
155.585	-173.648	-4.62505
159.482	-172.302	-4.71231
163.482	-171.302	-4.62505
159.585	-172.647	-4.71231
163.585	-173.647	-4.79958
159.687	-172.302	-4.88684
155.574	-172.593	-4.97411
151.969	-170.592	-4.88684
148.204	-168.913	-4.97411
144.598	-166.912	-4.88684
148.364	-168.591	-4.97411
144.759	-166.59	-4.88684
148.872	-166.3	-4.79958
152.944	-165.652	-4.88684
149.178	-163.973	-4.79958
153.25	-163.325	-4.88684
157.016	-165.004	-4.79958
161.088	-164.356	-4.71231
157.088	-165.356	-4.62505
153.19	-166.701	-4.71231
149.19	-167.702	-4.62505
145.293	-169.047	-4.53778
149.058	-167.367	-4.62505
144.986	-166.72	-4.71231
148.986	-167.72	-4.62505
152.884	-166.375	-4.53778
156.997	-166.664	-4.45051
153.392	-168.666	-4.53778
149.627	-170.346	-4.62505
153.699	-170.993	-4.71231
149.699	-171.993	-4.62505
145.801	-173.338	-4.71231
141.801	-172.339	-4.62505
137.729	-171.691	-4.71231
141.729	-172.691	-4.79958
137.831	-171.347	-4.71231
141.831	-172.346	-4.62505
145.729	-171.001	-4.53778
141.964	-172.681	-4.62505
145.861	-171.336	-4.53778
141.748	-171.046	-4.62505
137.676	-170.399	-4.71231
133.676	-169.399	-4.79958
137.748	-168.751	-4.88684
141.861	-168.46	-4.79958
145.759	-169.805	-4.88684
141.993	-168.126	-4.97411
138.388	-166.125	-5.06137
134.971	-163.817	-4.97411
130.848	-163.748	-5.06137
126.747	-163.32	-4.97411
130.353	-165.321	-4.88684
126.24	-165.612	-4.97411
129.845	-167.613	-4.88684
133.958	-167.322	-4.97411
138.08	-167.391	-4.88684
133.967	-167.682	-4.79958
130.069	-166.337	-4.71231
134.069	-165.337	-4.62505
130.172	-166.682	-4.53778
133.937	-165.002	-4.45051
129.815	-165.072	-4.53778
125.702	-164.782	-4.62505
129.774	-165.429	-4.71231
125.774	-164.43	-4.79958
121.876	-163.085	-4.71231
117.876	-164.085	-4.62505
113.804	-163.438	-4.71231
109.804	-162.439	-4.62505
113.876	-163.086	-4.53778
110.111	-164.765	-4.62505
106.039	-164.118	-4.71231
110.039	-163.118	-4.79958
114.11	-162.47	-4.88684
109.998	-162.761	-4.97411
114.12	-162.83	-5.06137
118.221	-163.258	-4.97411
121.826	-165.259	-4.88684
117.713	-165.549	-4.79958
113.815	-164.205	-4.71231
109.816	-165.205	-4.79958
105.744	-165.853	-4.71231
101.744	-166.853	-4.79958
97.6718	-167.501	-4.71231
93.6719	-168.501	-4.79958
89.6	-169.149	-4.88684
93.7129	-168.859	-4.79958
89.641	-169.507	-4.71231
93.6409	-168.506	-4.79958
89.7432	-167.162	-4.88684
85.6303	-167.452	-4.97411
89.7529	-167.521	-5.06137
93.8537	-167.949	-4.97411
89.7312	-167.88	-4.88684
85.6183	-168.171	-4.79958
89.6902	-167.523	-4.71231
93.6903	-168.523	-4.79958
89.6184	-169.171	-4.88684
85.8527	-167.491	-4.97411
89.4577	-169.492	-5.06137
85.3569	-169.064	-5.14864
89.4048	-169.848	-5.2359
93.369	-170.982	-5.32317
97.2193	-172.457	-5.2359
94.255	-169.591	-5.14864
91.0521	-166.994	-5.06137
87.6352	-164.687	-5.14864
84.4323	-162.09	-5.06137
81.0154	-159.783	-5.14864
84.2182	-162.379	-5.06137
88.3191	-162.807	-4.97411
84.714	-160.806	-5.06137
88.131	-163.114	-5.14864
84.083	-162.33	-5.2359
88.0472	-163.464	-5.32317
84.1969	-161.989	-5.2359
80.2327	-160.855	-5.14864
83.4356	-163.452	-5.2359
86.3999	-166.318	-5.14864
82.352	-165.534	-5.2359
85.3164	-168.4	-5.32317
88.0197	-171.513	-5.2359
84.0555	-170.379	-5.32317
80.2051	-168.904	-5.2359
76.2409	-167.771	-5.14864
72.193	-166.987	-5.06137
68.7761	-164.679	-5.14864
71.9789	-167.276	-5.2359
74.9433	-170.142	-5.14864
78.1461	-172.738	-5.06137
74.7292	-170.431	-5.14864
78.7771	-171.215	-5.2359
75.8127	-168.349	-5.14864
79.8606	-169.133	-5.2359
76.8963	-166.267	-5.14864
72.8484	-165.483	-5.2359
68.8842	-164.349	-5.32317
72.7345	-165.824	-5.41043
76.4416	-167.629	-5.32317
72.5913	-166.154	-5.41043
75.013	-169.491	-5.32317
72.3097	-166.378	-5.2359
75.274	-169.244	-5.14864
72.0712	-166.647	-5.06137
68.6543	-164.34	-4.97411
72.7768	-164.409	-5.06137
68.676	-163.981	-4.97411
72.281	-165.982	-4.88684
76.0467	-167.661	-4.79958
80.1186	-167.013	-4.88684
76.0058	-167.303	-4.79958
72.108	-165.959	-4.71231
68.1079	-164.959	-4.79958
64.0361	-165.607	-4.88684
68.1489	-165.316	-4.97411
71.754	-167.317	-5.06137
67.6531	-166.889	-5.14864
71.7011	-167.673	-5.06137
67.6002	-167.245	-4.97411
63.9952	-165.244	-5.06137
67.4121	-167.552	-5.14864
70.615	-170.148	-5.2359
66.6508	-169.015	-5.32317
70.5011	-170.489	-5.41043
66.794	-168.685	-5.32317
64.0906	-165.571	-5.41043
66.5123	-168.908	-5.4977
62.9766	-166.787	-5.58496
64.7821	-170.494	-5.4977
66.9037	-174.029	-5.41043
64.482	-170.692	-5.32317
67.1853	-173.806	-5.41043
64.7636	-170.469	-5.32317
67.4669	-173.582	-5.2359
71.4311	-174.716	-5.32317
67.5808	-173.241	-5.41043
65.1591	-169.904	-5.4977
67.2808	-173.439	-5.58496
69.0862	-177.146	-5.4977
66.9646	-173.611	-5.58496
65.1591	-169.904	-5.4977
67.2808	-173.439	-5.41043
63.5736	-171.634	-5.4977
60.0379	-169.513	-5.41043
62.4596	-172.85	-5.32317
66.3099	-174.325	-5.2359
63.3456	-171.459	-5.32317
67.1959	-172.934	-5.41043
63.4888	-171.129	-5.4977
65.6104	-174.665	-5.58496
62.273	-172.244	-5.4977
65.8087	-174.365	-5.41043
68.2304	-177.702	-5.4977
66.1088	-174.166	-5.41043
69.8159	-175.971	-5.32317
72.5192	-179.084	-5.41043
70.0975	-175.747	-5.4977
73.6332	-177.868	-5.41043
76.0549	-181.205	-5.32317
72.2046	-179.73	-5.41043
75.9117	-181.535	-5.4977
79.4475	-183.656	-5.41043
77.0258	-180.319	-5.4977
74.9041	-176.784	-5.41043
77.3258	-180.121	-5.4977
79.4475	-183.656	-5.58496
77.642	-179.949	-5.67223
76.1665	-176.099	-5.75949
73.3002	-173.136	-5.67223
76.4139	-175.838	-5.58496
78.2194	-179.545	-5.4977
80.341	-183.08	-5.58496
78.5355	-179.374	-5.67223
77.06	-175.524	-5.58496
78.8655	-179.23	-5.4977
82.4012	-181.351	-5.41043
84.8229	-184.688	-5.32317
87.5262	-187.802	-5.41043
89.9479	-191.139	-5.4977
93.4836	-193.26	-5.41043
91.0619	-189.923	-5.32317
94.9123	-191.397	-5.41043
92.4906	-188.06	-5.4977
96.0263	-190.181	-5.41043
99.7334	-191.986	-5.32317
95.8831	-190.511	-5.2359
99.8473	-191.645	-5.14864
103.05	-194.242	-5.2359
107.014	-195.375	-5.32317
103.164	-193.9	-5.41043
100.742	-190.563	-5.4977
102.864	-194.099	-5.58496
106.201	-196.52	-5.67223
109.315	-199.223	-5.58496
107.51	-195.516	-5.67223
110.623	-198.218	-5.58496
107.286	-195.797	-5.67223
105.81	-191.947	-5.75949
102.944	-188.984	-5.67223
104.42	-192.834	-5.75949
105.554	-196.798	-5.67223
107.03	-200.648	-5.75949
105.895	-196.684	-5.84676
105.111	-192.636	-5.75949
107.977	-195.6	-5.84676
105.38	-192.397	-5.93402
104.951	-188.297	-5.84676
102.354	-185.094	-5.93402
102.783	-189.195	-5.84676
103.567	-193.243	-5.93402
103.996	-197.343	-5.84676
106.593	-200.546	-5.93402
104.285	-197.129	-6.02129
106.287	-200.734	-5.93402
103.979	-197.317	-5.84676
101.381	-194.115	-5.75949
102.516	-198.079	-5.67223
99.4021	-195.376	-5.58496
96.0646	-192.955	-5.67223
99.1784	-195.658	-5.75949
102.045	-198.622	-5.84676
104.642	-201.824	-5.93402
106.95	-205.241	-6.02129
107.02	-209.363	-5.93402
104.712	-205.947	-6.02129
104.642	-201.824	-5.93402
105.071	-205.925	-6.02129
103.069	-202.32	-5.93402
105.377	-205.737	-5.84676
107.974	-208.939	-5.93402
107.545	-204.838	-6.02129
107.615	-208.961	-5.93402
107.186	-204.86	-5.84676
107.971	-208.908	-5.93402
105.663	-205.491	-5.84676
106.447	-209.539	-5.75949
107.582	-213.503	-5.84676
104.985	-210.301	-5.93402
102.677	-206.884	-6.02129
102.607	-202.762	-6.10855
102.317	-206.875	-6.02129
104.319	-210.479	-5.93402
103.89	-206.379	-5.84676
101.293	-203.176	-5.75949
104.159	-206.14	-5.84676
106.756	-209.342	-5.75949
109.622	-212.306	-5.84676
107.025	-209.104	-5.93402
109.333	-212.52	-5.84676
111.93	-215.723	-5.93402
114.239	-219.139	-6.02129
116.24	-222.744	-5.93402
118.548	-226.161	-6.02129
116.547	-222.556	-6.10855
116.837	-218.443	-6.02129
116.906	-222.565	-6.10855
115.226	-218.8	-6.02129
117.228	-222.405	-6.10855
118.908	-226.17	-6.19582
120.253	-230.068	-6.28308
121.253	-226.067	-6.19582
119.907	-222.17	-6.28308
118.908	-226.17	-6.19582
118.261	-230.242	-6.10855
116.581	-226.477	-6.19582
117.228	-222.405	-6.10855
115.548	-218.639	-6.02129
115.479	-214.517	-5.93402
117.787	-217.933	-5.84676
120.384	-221.136	-5.93402
120.813	-225.236	-6.02129
120.743	-221.114	-6.10855
122.423	-224.879	-6.19582
123.768	-228.777	-6.10855
125.448	-232.542	-6.19582
126.793	-236.44	-6.10855
128.473	-240.205	-6.02129
128.403	-236.083	-6.10855
128.693	-231.97	-6.19582
130.038	-235.867	-6.10855
128.358	-232.102	-6.02129
128.288	-227.979	-5.93402
128.717	-232.08	-5.84676
131.314	-235.282	-5.75949
132.448	-239.246	-5.67223
135.562	-241.949	-5.58496
133.757	-238.242	-5.4977
130.221	-236.121	-5.58496
133.558	-238.542	-5.67223
130.445	-235.84	-5.75949
131.579	-239.804	-5.84676
128.982	-236.601	-5.93402
128.553	-232.5	-5.84676
131.15	-235.703	-5.75949
128.284	-232.739	-5.67223
131.398	-235.442	-5.58496
134.735	-237.863	-5.4977
136.857	-241.398	-5.58496
133.519	-238.977	-5.67223
136.633	-241.68	-5.58496
134.828	-237.973	-5.67223
131.714	-235.27	-5.75949
130.58	-231.306	-5.67223
132.055	-235.156	-5.75949
134.921	-238.12	-5.67223
138.035	-240.823	-5.58496
139.841	-244.53	-5.67223
141.316	-248.38	-5.58496
144.653	-250.801	-5.67223
141.54	-248.098	-5.58496
139.734	-244.391	-5.67223
142.848	-247.094	-5.75949
141.714	-243.13	-5.67223
143.189	-246.98	-5.75949
146.055	-249.944	-5.84676
146.84	-253.992	-5.93402
149.148	-257.408	-6.02129
149.218	-261.531	-6.10855
148.928	-265.644	-6.19582
147.583	-261.746	-6.28308
148.583	-265.746	-6.37035
149.231	-269.818	-6.45761
150.91	-266.052	-6.54488
150.979	-261.93	-6.45761
149.3	-265.695	-6.37035
149.948	-269.767	-6.28308
148.949	-273.767	-6.37035
149.597	-277.839	-6.28308
148.597	-281.839	-6.37035
149.941	-277.942	-6.45761
150.232	-282.054	-6.54488
148.231	-285.66	-6.45761
149.91	-281.894	-6.54488
149.841	-286.016	-6.63214
150.269	-281.915	-6.71941
149.486	-285.963	-6.63214
151.793	-282.546	-6.71941
152.577	-278.498	-6.63214
152.149	-282.599	-6.54488
152.08	-286.722	-6.63214
149.773	-290.139	-6.54488
149.704	-294.261	-6.63214
147.396	-297.678	-6.71941
149.993	-294.475	-6.80667
148.859	-298.44	-6.89394
145.746	-301.143	-6.80667
142.88	-304.107	-6.89394
144.355	-300.257	-6.9812
147.692	-297.835	-6.89394
149.167	-293.985	-6.80667
146.301	-296.949	-6.71941
147.085	-292.901	-6.80667
149.95	-289.937	-6.89394
148.476	-293.787	-6.80667
149.609	-289.823	-6.89394
151.084	-285.973	-6.9812
152.889	-282.266	-7.06847
150.768	-285.801	-7.15573
148.347	-289.139	-7.06847
146.226	-292.675	-7.15573
149.933	-290.869	-7.243
146.083	-292.345	-7.15573
149.789	-290.539	-7.243
147.087	-293.653	-7.33026
144.123	-296.519	-7.41753
140.075	-297.304	-7.33026
136.111	-298.439	-7.243
139.961	-296.963	-7.15573
136.254	-298.768	-7.06847
139.79	-296.647	-6.9812
137.985	-300.354	-7.06847
141.52	-298.232	-6.9812
143.325	-294.525	-7.06847
141.204	-298.061	-6.9812
139.399	-301.768	-6.89394
142.513	-299.065	-6.9812
145.849	-296.643	-6.89394
148.963	-293.939	-6.9812
150.767	-290.232	-6.89394
153.88	-287.529	-6.9812
150.543	-289.951	-7.06847
152.664	-286.415	-6.9812
150.86	-290.122	-6.89394
149.385	-293.972	-6.9812
147.58	-297.68	-6.89394
150.693	-294.976	-6.80667
153.559	-292.012	-6.71941
154.343	-287.964	-6.80667
151.477	-290.928	-6.71941
150.693	-294.976	-6.63214
153.001	-291.559	-6.71941
153.785	-287.511	-6.80667
152.651	-291.475	-6.71941
153.435	-287.427	-6.63214
155.742	-284.01	-6.71941
154.958	-288.058	-6.63214
157.266	-284.641	-6.54488
155.265	-288.246	-6.45761
154.974	-284.134	-6.54488
154.905	-288.256	-6.45761
156.584	-284.49	-6.54488
158.585	-280.885	-6.63214
156.278	-284.302	-6.54488
156.347	-280.18	-6.45761
156.056	-276.067	-6.54488
154.055	-279.672	-6.45761
153.765	-275.559	-6.37035
152.42	-279.457	-6.28308
151.421	-283.457	-6.19582
150.774	-287.529	-6.28308
149.774	-291.529	-6.37035
151.118	-287.631	-6.28308
150.119	-291.632	-6.37035
149.471	-287.56	-6.28308
150.47	-283.56	-6.37035
149.126	-287.457	-6.28308
148.126	-291.457	-6.19582
147.479	-295.529	-6.28308
146.479	-291.53	-6.37035
145.831	-287.458	-6.45761
146.121	-291.571	-6.37035
145.473	-287.499	-6.45761
145.764	-291.611	-6.54488
145.695	-295.734	-6.63214
148.003	-292.317	-6.71941
145.406	-295.52	-6.63214
144.978	-299.621	-6.54488
144.909	-303.743	-6.45761
145.2	-307.856	-6.37035
145.848	-311.928	-6.28308
146.848	-307.928	-6.19582
146.2	-312	-6.10855
146.49	-307.887	-6.02129
146.56	-312.01	-5.93402
146.131	-307.909	-6.02129
146.061	-303.786	-5.93402
148.37	-307.203	-6.02129
146.368	-303.598	-6.10855
146.658	-299.485	-6.02129
146.588	-295.363	-6.10855
146.878	-291.25	-6.19582
147.525	-287.178	-6.10855
147.815	-283.065	-6.19582
146.47	-279.167	-6.10855
144.79	-275.402	-6.02129
142.788	-271.797	-6.10855
143.078	-267.684	-6.02129
145.08	-271.289	-6.10855
146.759	-275.054	-6.19582
145.414	-271.157	-6.28308
144.414	-267.157	-6.37035
145.062	-271.229	-6.45761
145.352	-275.342	-6.37035
146	-279.414	-6.28308
145.001	-283.414	-6.19582
143.656	-279.516	-6.28308
144.655	-275.516	-6.19582
146	-279.414	-6.10855
145.711	-283.527	-6.19582
145.063	-287.599	-6.10855
145.353	-283.486	-6.02129
143.352	-279.881	-5.93402
141.044	-276.464	-6.02129
141.113	-280.587	-5.93402
140.685	-276.486	-5.84676
139.9	-272.438	-5.93402
139.471	-268.338	-5.84676
138.687	-264.29	-5.93402
138.258	-260.189	-5.84676
139.042	-264.237	-5.75949
137.908	-260.273	-5.67223
136.432	-256.423	-5.75949
139.299	-259.387	-5.84676
140.083	-263.434	-5.75949
141.218	-267.398	-5.84676
138.621	-264.196	-5.93402
138.192	-260.095	-5.84676
140.789	-263.298	-5.75949
137.923	-260.334	-5.84676
140.52	-263.536	-5.75949
139.385	-259.572	-5.84676
141.982	-262.775	-5.93402
141.554	-258.674	-5.84676
138.957	-255.472	-5.75949
141.823	-258.435	-5.84676
144.42	-261.638	-5.93402
146.728	-265.054	-5.84676
149.325	-268.257	-5.93402
151.633	-271.673	-6.02129
153.635	-275.278	-6.10855
153.925	-271.165	-6.19582
152.579	-267.267	-6.10855
152.869	-263.155	-6.02129
152.799	-259.032	-6.10855
151.12	-255.267	-6.02129
153.121	-258.871	-6.10855
151.441	-255.106	-6.02129
151.511	-259.228	-5.93402
151.082	-255.128	-5.84676
148.485	-251.925	-5.93402
150.793	-255.342	-5.84676
148.196	-252.139	-5.75949
145.33	-249.176	-5.67223
148.444	-251.878	-5.75949
