 4.934802
0.000000
0.100000
0.199901
0.299605
0.399014
0.498028
0.596551
0.694486
0.791735
0.888202
0.983793
1.078414
1.171970
1.264369
1.355521
1.445334
1.533722
1.620596
1.705870
1.789461
1.871286
1.951265
2.029317
2.105367
2.179340
2.251161
2.320761
2.388070
2.453023
2.515555
2.575605
2.633112
2.688021
2.740278
2.789830
2.836628
2.880628
2.921784
2.960057
2.995409
3.027805
3.057213
3.083603
3.106951
3.127232
3.144427
3.158519
3.169493
3.177340
3.182052
3.183623
3.182052
3.177340
3.169493
3.158519
3.144427
3.127232
3.106951
3.083603
3.057213
3.027805
2.995409
2.960057
2.921784
2.880628
2.836628
2.789830
2.740278
2.688021
2.633112
2.575605
2.515555
2.453023
2.388070
2.320761
2.251161
2.179340
2.105367
2.029317
1.951265
1.871286
1.789461
1.705870
1.620596
1.533722
1.445334
1.355521
1.264369
1.171970
1.078414
0.983793
0.888202
0.791735
0.694486
0.596551
0.498028
0.399014
0.299605
0.199901
0.100000
-0.000000
-0.100000
-0.199901
-0.299605
-0.399014
-0.498028
-0.596551
-0.694486
-0.791735
-0.888202
-0.983793
-1.078414
-1.171970
-1.264369
-1.355521
-1.445334
-1.533722
-1.620596
-1.705870
-1.789461
-1.871286
-1.951265
-2.029317
-2.105367
-2.179340
-2.251161
-2.320761
-2.388071
-2.453023
-2.515555
-2.575605
-2.633112
-2.688021
-2.740278
-2.789830
-2.836628
-2.880628
-2.921784
-2.960057
-2.995409
-3.027805
-3.057213
-3.083603
-3.106951
-3.127232
-3.144427
-3.158519
-3.169493
-3.177340
-3.182052
-3.183623
-3.182052
-3.177340
-3.169493
-3.158519
-3.144427
-3.127232
-3.106951
-3.083603
-3.057213
-3.027805
-2.995409
-2.960057
-2.921784
-2.880628
-2.836628
-2.789830
-2.740278
-2.688021
-2.633112
-2.575605
-2.515555
-2.453023
-2.388070
-2.320761
-2.251161
-2.179340
-2.105367
-2.029317
-1.951265
-1.871286
-1.789461
-1.705870
-1.620596
-1.533722
-1.445334
-1.355521
-1.264369
-1.171970
-1.078414
-0.983793
-0.888202
-0.791735
-0.694486
-0.596551
-0.498028
-0.399014
-0.299605
-0.199901
-0.100000
0.000000

