 11.103305
0.000000
0.100000
0.199778
0.299112
0.397783
0.495570
0.592257
0.687629
0.781474
0.873584
0.963754
1.051785
1.137481
1.220651
1.301111
1.378682
1.453192
1.524475
1.592374
1.656738
1.717423
1.774295
1.827228
1.876103
1.920813
1.961259
1.997350
2.029007
2.056158
2.078745
2.096716
2.110031
2.118663
2.122590
2.121804
2.116307
2.106112
2.091241
2.071726
2.047612
2.018952
1.985809
1.948257
1.906379
1.860269
1.810028
1.755769
1.697612
1.635685
1.570127
1.501083
1.428706
1.353156
1.274603
1.193219
1.109187
1.022691
0.933925
0.843086
0.750375
0.655997
0.560163
0.463086
0.364980
0.266064
0.166557
0.066680
-0.033344
-0.133295
-0.232950
-0.332087
-0.430487
-0.527932
-0.624204
-0.719090
-0.812380
-0.903866
-0.993346
-1.080619
-1.165494
-1.247781
-1.327297
-1.403867
-1.477320
-1.547492
-1.614229
-1.677382
-1.736810
-1.792383
-1.843976
-1.891475
-1.934774
-1.973777
-2.008399
-2.038561
-2.064197
-2.085250
-2.101673
-2.113430
-2.120495
-2.122851
-2.120495
-2.113430
-2.101673
-2.085250
-2.064197
-2.038561
-2.008399
-1.973777
-1.934774
-1.891474
-1.843976
-1.792383
-1.736810
-1.677382
-1.614229
-1.547492
-1.477319
-1.403867
-1.327297
-1.247781
-1.165494
-1.080619
-0.993345
-0.903866
-0.812380
-0.719090
-0.624204
-0.527932
-0.430487
-0.332087
-0.232950
-0.133295
-0.033344
0.066681
0.166557
0.266064
0.364980
0.463086
0.560163
0.655997
0.750375
0.843086
0.933926
1.022692
1.109187
1.193220
1.274603
1.353157
1.428706
1.501083
1.570127
1.635685
1.697612
1.755769
1.810029
1.860269
1.906379
1.948257
1.985809
2.018952
2.047612
2.071726
2.091241
2.106112
2.116307
2.121804
2.122590
2.118663
2.110031
2.096716
2.078745
2.056158
2.029007
1.997350
1.961259
1.920813
1.876103
1.827227
1.774295
1.717423
1.656738
1.592374
1.524475
1.453192
1.378682
1.301110
1.220651
1.137481
1.051785
0.963754
0.873584
0.781474
0.687628
0.592256
0.495570
0.397783
0.299112
0.199778
0.100000
-0.000000

