 19.739209
0.000000
0.100000
0.199605
0.298423
0.396063
0.492140
0.586274
0.678095
0.767240
0.853356
0.936105
1.015160
1.090208
1.160953
1.227117
1.288438
1.344674
1.395603
1.441025
1.480759
1.514650
1.542563
1.564388
1.580039
1.589454
1.592597
1.589454
1.580039
1.564388
1.542563
1.514650
1.480759
1.441025
1.395603
1.344674
1.288438
1.227117
1.160953
1.090208
1.015159
0.936105
0.853356
0.767239
0.678095
0.586274
0.492139
0.396063
0.298423
0.199605
0.100000
-0.000000
-0.100000
-0.199606
-0.298423
-0.396063
-0.492140
-0.586274
-0.678095
-0.767240
-0.853356
-0.936105
-1.015160
-1.090208
-1.160953
-1.227117
-1.288438
-1.344674
-1.395604
-1.441025
-1.480759
-1.514650
-1.542563
-1.564388
-1.580039
-1.589454
-1.592597
-1.589454
-1.580039
-1.564388
-1.542563
-1.514650
-1.480759
-1.441025
-1.395603
-1.344674
-1.288438
-1.227117
-1.160953
-1.090207
-1.015159
-0.936105
-0.853356
-0.767239
-0.678095
-0.586274
-0.492139
-0.396062
-0.298423
-0.199605
-0.100000
0.000000
0.100000
0.199606
0.298423
0.396063
0.492140
0.586274
0.678095
0.767240
0.853356
0.936105
1.015160
1.090208
1.160954
1.227117
1.288438
1.344674
1.395604
1.441025
1.480759
1.514650
1.542563
1.564388
1.580039
1.589454
1.592597
1.589454
1.580039
1.564388
1.542563
1.514650
1.480759
1.441025
1.395603
1.344674
1.288438
1.227117
1.160953
1.090207
1.015159
0.936105
0.853356
0.767239
0.678094
0.586274
0.492139
0.396062
0.298422
0.199605
0.100000
-0.000000
-0.100000
-0.199606
-0.298423
-0.396063
-0.492140
-0.586275
-0.678095
-0.767240
-0.853357
-0.936105
-1.015160
-1.090208
-1.160954
-1.227117
-1.288438
-1.344674
-1.395604
-1.441025
-1.480759
-1.514650
-1.542563
-1.564388
-1.580039
-1.589454
-1.592597
-1.589454
-1.580039
-1.564388
-1.542563
-1.514650
-1.480759
-1.441025
-1.395603
-1.344674
-1.288438
-1.227117
-1.160953
-1.090207
-1.015159
-0.936105
-0.853356
-0.767239
-0.678094
-0.586273
-0.492139
-0.396062
-0.298422
-0.199605
-0.099999
0.000001

