 30.842514
0.000000
0.100000
0.199383
0.297538
0.393857
0.487749
0.578633
0.665950
0.749161
0.827754
0.901243
0.969175
1.031132
1.086732
1.135632
1.177530
1.212169
1.239334
1.258858
1.270620
1.274549
1.270620
1.258858
1.239333
1.212168
1.177530
1.135632
1.086732
1.031132
0.969175
0.901242
0.827753
0.749161
0.665950
0.578633
0.487749
0.393857
0.297537
0.199383
0.100000
-0.000000
-0.100000
-0.199384
-0.297538
-0.393858
-0.487749
-0.578634
-0.665951
-0.749162
-0.827754
-0.901243
-0.969175
-1.031132
-1.086732
-1.135632
-1.177530
-1.212169
-1.239334
-1.258858
-1.270620
-1.274549
-1.270620
-1.258857
-1.239333
-1.212168
-1.177530
-1.135632
-1.086732
-1.031132
-0.969175
-0.901242
-0.827753
-0.749161
-0.665950
-0.578633
-0.487748
-0.393857
-0.297537
-0.199383
-0.099999
0.000001
0.100001
0.199384
0.297538
0.393858
0.487750
0.578634
0.665951
0.749162
0.827754
0.901243
0.969175
1.031133
1.086732
1.135632
1.177530
1.212169
1.239334
1.258858
1.270620
1.274549
1.270620
1.258857
1.239333
1.212168
1.177530
1.135631
1.086732
1.031132
0.969174
0.901242
0.827753
0.749161
0.665949
0.578633
0.487748
0.393857
0.297537
0.199383
0.099999
-0.000001
-0.100001
-0.199384
-0.297539
-0.393858
-0.487750
-0.578634
-0.665951
-0.749162
-0.827754
-0.901243
-0.969176
-1.031133
-1.086733
-1.135632
-1.177530
-1.212169
-1.239334
-1.258858
-1.270620
-1.274549
-1.270620
-1.258857
-1.239333
-1.212168
-1.177530
-1.135631
-1.086731
-1.031131
-0.969174
-0.901242
-0.827753
-0.749160
-0.665949
-0.578632
-0.487748
-0.393856
-0.297536
-0.199382
-0.099999
0.000001
0.100001
0.199385
0.297539
0.393859
0.487750
0.578634
0.665951
0.749162
0.827755
0.901243
0.969176
1.031133
1.086733
1.135632
1.177531
1.212169
1.239334
1.258858
1.270620
1.274549
1.270620
1.258857
1.239333
1.212168
1.177530
1.135631
1.086731
1.031131
0.969174
0.901241
0.827752
0.749160
0.665949
0.578632
0.487748
0.393856
0.297536
0.199382
0.099998
-0.000002

