 1.233701
0.000000
0.100000
0.199975
0.299901
0.399753
0.499507
0.599137
0.698619
0.797929
0.897042
0.995934
1.094580
1.192956
1.291037
1.388800
1.486220
1.583274
1.679937
1.776186
1.871996
1.967344
2.062207
2.156561
2.250383
2.343650
2.436339
2.528426
2.619890
2.710707
2.800855
2.890312
2.979056
3.067065
3.154318
3.240792
3.326466
3.411320
3.495332
3.578481
3.660748
3.742111
3.822551
3.902048
3.980582
4.058134
4.134685
4.210215
4.284707
4.358141
4.430501
4.501767
4.571922
4.640949
4.708831
4.775552
4.841094
4.905441
4.968579
5.030490
5.091160
5.150574
5.208717
5.265575
5.321134
5.375380
5.428299
5.479879
5.530107
5.578971
5.626458
5.672557
5.717256
5.760545
5.802412
5.842848
5.881842
5.919384
5.955467
5.990079
6.023214
6.054863
6.085018
6.113671
6.140816
6.166445
6.190554
6.213135
6.234182
6.253692
6.271659
6.288078
6.302946
6.316258
6.328012
6.338205
6.346834
6.353897
6.359392
6.363318
6.365674
6.366460
6.365674
6.363318
6.359392
6.353897
6.346834
6.338205
6.328012
6.316258
6.302946
6.288078
6.271659
6.253692
6.234182
6.213135
6.190554
6.166445
6.140816
6.113671
6.085018
6.054863
6.023214
5.990079
5.955467
5.919384
5.881842
5.842848
5.802412
5.760545
5.717256
5.672557
5.626458
5.578971
5.530107
5.479879
5.428299
5.375380
5.321134
5.265575
5.208717
5.150574
5.091160
5.030490
4.968579
4.905441
4.841094
4.775552
4.708831
4.640949
4.571922
4.501767
4.430501
4.358141
4.284707
4.210215
4.134685
4.058134
3.980582
3.902048
3.822551
3.742111
3.660748
3.578481
3.495332
3.411320
3.326466
3.240792
3.154318
3.067065
2.979056
2.890312
2.800855
2.710707
2.619890
2.528426
2.436339
2.343650
2.250383
2.156561
2.062207
1.967344
1.871996
1.776186
1.679937
1.583274
1.486220
1.388800
1.291037
1.192956
1.094580
0.995934
0.897042
0.797929
0.698619
0.599137
0.499507
0.399753
0.299901
0.199975
0.100000
-0.000000

